0 -3.15 0.000232164740098 -0.00763485689623 -0.125267218561 -0.0276010875557 -0.0104790116492 -0.00642575083283 -0.00506757962743
1 -3.05 0.000128866852294 -0.00786844364588 0.124194777742 -0.224824818139 -0.0450475890345 -0.014577902089 -0.00779207860822
2 -2.95 0.000128866852294 -0.00786844364589 0.124194753997 -0.345107627529 -0.140954134312 -0.0306477429927 -0.011758922906
3 -2.85 0.000128866852294 -0.00786844364589 -0.125763745272 0.598556299144 -0.309035411594 -0.0595684221362 -0.0174119232564
4 -2.75 0.000128866852294 -0.00786844364589 -0.125763745272 0.598556299074 -0.432144009581 -0.106702927796 -0.0252918785438
5 -2.65 0.000128866852294 -0.00786844364589 0.124194753997 -0.345107677235 -0.25487256547 -0.17537243104 -0.0360283780999
6 -2.55 0.000128866852294 -0.00786844364589 0.124194753997 -0.224836969583 0.314807050753 -0.26275811607 -0.0503144059406
7 -2.45 0.000128866852294 -0.00786844364589 -0.125763745272 -0.0286116596455 0.879794278301 -0.355265290754 -0.0688580901987
8 -2.35 0.000128866852294 -0.00786844364589 -0.125763745272 -0.0286116596455 0.879794278298 -0.425980413312 -0.092306890823
9 -2.25 0.000128866852294 -0.00786844364589 0.124194753997 -0.224836969583 0.314807050613 -0.437697468519 -0.121141902501
10 -2.15 0.000128866852294 -0.00786844364589 0.124194753997 -0.345107677235 -0.254872569698 -0.353761994958 -0.15554400903
11 -2.05 0.000128866852294 -0.00786844364589 -0.125763745272 0.598556299074 -0.432144106912 -0.155099758376 -0.195239335908
12 -1.95 0.000128866852294 -0.00786844364589 -0.125763745272 0.598556299074 -0.309037124516 0.14332349578 -0.239338393915
13 -1.85 0.000128866852294 -0.00786844364588 0.124194753997 -0.345107677235 -0.140977125219 0.486333217374 -0.286190597068
14 -1.75 0.000128866852294 -0.00786844364589 0.124194753997 -0.224836969583 -0.0452821161976 0.789849390403 -0.333282111836
15 -1.65 0.000128866852294 -0.00786844364588 -0.125763745272 -0.0286116596455 -0.0122882863673 0.968502681487 -0.377208547418
16 -1.55 0.000128866852294 -0.00786844364588 -0.125763745272 -0.0286116596455 -0.0122882863673 0.968502681487 -0.413753056393
17 -1.45 0.000128866852294 -0.00786844364588 0.124194753997 -0.224836969583 -0.0452821161976 0.789849390396 -0.438093536592
18 -1.35 0.000128866852294 -0.00786844364588 0.124194753997 -0.345107677235 -0.140977125219 0.486333217333 -0.445149153943
19 -1.25 0.000128866852294 -0.00786844364588 -0.125763745272 0.598556299074 -0.309037124516 0.143323495537 -0.430056901564
20 -1.15 0.000128866852294 -0.00786844364588 -0.125763745272 0.598556299074 -0.432144106912 -0.155099759742 -0.388745403378
21 -1.05 0.000128866852294 -0.00786844364588 0.124194753997 -0.345107677235 -0.254872569698 -0.353762002122 -0.318549133795
22 -0.95 0.000128866852294 -0.00786844364588 0.124194753997 -0.224836969583 0.314807050613 -0.437697503642 -0.218786178285
23 -0.85 0.000128866852294 -0.00786844364588 -0.125763745272 -0.0286116596455 0.879794278298 -0.425980574283 -0.091211411039
24 -0.75 0.000128866852294 -0.00786844364588 -0.125763745272 -0.0286116596455 0.879794278298 -0.355265980121 0.05974140499
25 -0.65 0.000128866852294 -0.00786844364588 0.124194753997 -0.224836969583 0.314807050613 -0.262760873842 0.226998305793
26 -0.55 0.000128866852294 -0.00786844364588 0.124194753997 -0.345107677235 -0.254872569698 -0.175382732573 0.401202763151
27 -0.45 0.000128866852294 -0.00786844364588 -0.125763745272 0.598556299074 -0.432144106912 -0.106738843448 0.57138757659
28 -0.35 0.000128866852294 -0.00786844364588 -0.125763745272 0.598556299074 -0.309037124516 -0.0596852302394 0.725908431608
29 -0.25 0.000128866852294 -0.00786844364588 0.124194753997 -0.345107677235 -0.140977125219 -0.0310019000837 0.853541725023
30 -0.15 0.000128866852294 -0.00786844364588 0.124194753997 -0.224836969583 -0.0452821161976 -0.0155781903848 0.944616000544
31 -0.05 0.000128866852294 -0.00786844364588 -0.125763745272 -0.0286116596455 -0.0122882863673 -0.00905519427135 0.992031675951
32 0.05 0.000128866852294 -0.00786844364588 -0.125763745272 -0.0286116596455 -0.0122882863673 -0.00905519427135 0.992031675951
33 0.15 0.000128866852294 -0.00786844364588 0.124194753997 -0.224836969583 -0.0452821161976 -0.0155781903848 0.944616000544
34 0.25 0.000128866852294 -0.00786844364588 0.124194753997 -0.345107677235 -0.140977125219 -0.0310019000837 0.853541725023
35 0.35 0.000128866852294 -0.00786844364588 -0.125763745272 0.598556299074 -0.309037124516 -0.0596852302394 0.725908431608
36 0.45 0.000128866852294 -0.00786844364588 -0.125763745272 0.598556299074 -0.432144106912 -0.106738843448 0.57138757659
37 0.55 0.000128866852294 -0.00786844364588 0.124194753997 -0.345107677235 -0.254872569698 -0.175382732573 0.401202763151
38 0.65 0.000128866852294 -0.00786844364588 0.124194753997 -0.224836969583 0.314807050613 -0.262760873842 0.226998305793
39 0.75 0.000128866852294 -0.00786844364588 -0.125763745272 -0.0286116596455 0.879794278298 -0.355265980121 0.05974140499
40 0.85 0.000128866852294 -0.00786844364588 -0.125763745272 -0.0286116596455 0.879794278298 -0.425980574283 -0.091211411039
41 0.95 0.000128866852294 -0.00786844364588 0.124194753997 -0.224836969583 0.314807050613 -0.437697503642 -0.218786178285
42 1.05 0.000128866852294 -0.00786844364588 0.124194753997 -0.345107677235 -0.254872569698 -0.353762002122 -0.318549133795
43 1.15 0.000128866852294 -0.00786844364588 -0.125763745272 0.598556299074 -0.432144106912 -0.155099759742 -0.388745403378
44 1.25 0.000128866852294 -0.00786844364588 -0.125763745272 0.598556299074 -0.309037124516 0.143323495537 -0.430056901564
45 1.35 0.000128866852294 -0.00786844364588 0.124194753997 -0.345107677235 -0.140977125219 0.486333217333 -0.445149153943
46 1.45 0.000128866852294 -0.00786844364588 0.124194753997 -0.224836969583 -0.0452821161976 0.789849390396 -0.438093536592
47 1.55 0.000128866852294 -0.00786844364588 -0.125763745272 -0.0286116596455 -0.0122882863673 0.968502681487 -0.413753056393
48 1.65 0.000128866852294 -0.00786844364588 -0.125763745272 -0.0286116596455 -0.0122882863673 0.968502681487 -0.377208547418
49 1.75 0.000128866852294 -0.00786844364589 0.124194753997 -0.224836969583 -0.0452821161976 0.789849390403 -0.333282111836
50 1.85 0.000128866852294 -0.00786844364588 0.124194753997 -0.345107677235 -0.140977125219 0.486333217374 -0.286190597068
51 1.95 0.000128866852294 -0.00786844364589 -0.125763745272 0.598556299074 -0.309037124516 0.14332349578 -0.239338393915
52 2.05 0.000128866852294 -0.00786844364589 -0.125763745272 0.598556299074 -0.432144106912 -0.155099758376 -0.195239335908
53 2.15 0.000128866852294 -0.00786844364589 0.124194753997 -0.345107677235 -0.254872569698 -0.353761994958 -0.15554400903
54 2.25 0.000128866852294 -0.00786844364589 0.124194753997 -0.224836969583 0.314807050613 -0.437697468519 -0.121141902501
55 2.35 0.000128866852294 -0.00786844364589 -0.125763745272 -0.0286116596455 0.879794278298 -0.425980413312 -0.092306890823
56 2.45 0.000128866852294 -0.00786844364589 -0.125763745272 -0.0286116596455 0.879794278301 -0.355265290754 -0.0688580901987
57 2.55 0.000128866852294 -0.00786844364589 0.124194753997 -0.224836969583 0.314807050753 -0.26275811607 -0.0503144059406
58 2.65 0.000128866852294 -0.00786844364589 0.124194753997 -0.345107677235 -0.25487256547 -0.17537243104 -0.0360283780999
59 2.75 0.000128866852294 -0.00786844364589 -0.125763745272 0.598556299074 -0.432144009581 -0.106702927796 -0.0252918785438
60 2.85 0.000128866852294 -0.00786844364589 -0.125763745272 0.598556299144 -0.309035411594 -0.0595684221362 -0.0174119232564
61 2.95 0.000128866852294 -0.00786844364589 0.124194753997 -0.345107627529 -0.140954134312 -0.0306477429927 -0.011758922906
62 3.05 0.000128866852294 -0.00786844364588 0.124194777742 -0.224824818139 -0.0450475890345 -0.014577902089 -0.00779207860822
63 3.15 0.000232164740098 -0.00763485689623 -0.125267218561 -0.0276010875557 -0.0104790116492 -0.00642575083283 -0.00506757962743
