0 -3.15 0.0 0.0 -0.992063492063 -0.97619047619 -0.944444444444 -0.880952380952 -0.753968253968 -0.5 0.0
1 -3.05 0.0 0.0 0.992063492063 -1.0 -1.0 -1.0 -1.0 -1.0 0.0
2 -2.95 0.0 0.0 -0.992063492063 1.0 -1.0 -1.0 -1.0 -1.0 0.0
3 -2.85 0.0 0.0 0.992063492063 0.97619047619 -1.0 -1.0 -1.0 -1.0 0.0
4 -2.75 0.0 0.0 -0.992063492063 -0.97619047619 1.0 -1.0 -1.0 -1.0 0.0
5 -2.65 0.0 0.0 0.992063492063 -1.0 1.0 -1.0 -1.0 -1.0 0.0
6 -2.55 0.0 0.0 -0.992063492063 1.0 1.0 -1.0 -1.0 -1.0 0.0
7 -2.45 0.0 0.0 0.992063492063 0.97619047619 0.944444444444 -1.0 -1.0 -1.0 0.0
8 -2.35 0.0 0.0 -0.992063492063 -0.97619047619 -0.944444444444 1.0 -1.0 -1.0 0.0
9 -2.25 0.0 0.0 0.992063492063 -1.0 -1.0 1.0 -1.0 -1.0 0.0
10 -2.15 0.0 0.0 -0.992063492063 1.0 -1.0 1.0 -1.0 -1.0 0.0
11 -2.05 0.0 0.0 0.992063492063 0.97619047619 -1.0 1.0 -1.0 -1.0 0.0
12 -1.95 0.0 0.0 -0.992063492063 -0.97619047619 1.0 1.0 -1.0 -1.0 0.0
13 -1.85 0.0 0.0 0.992063492063 -1.0 1.0 1.0 -1.0 -1.0 0.0
14 -1.75 0.0 0.0 -0.992063492063 1.0 1.0 1.0 -1.0 -1.0 0.0
15 -1.65 0.0 0.0 0.992063492063 0.97619047619 0.944444444444 0.880952380952 -1.0 -1.0 0.0
16 -1.55 0.0 0.0 -0.992063492063 -0.97619047619 -0.944444444444 -0.880952380952 1.0 -1.0 0.0
17 -1.45 0.0 0.0 0.992063492063 -1.0 -1.0 -1.0 1.0 -1.0 0.0
18 -1.35 0.0 0.0 -0.992063492063 1.0 -1.0 -1.0 1.0 -1.0 0.0
19 -1.25 0.0 0.0 0.992063492063 0.97619047619 -1.0 -1.0 1.0 -1.0 0.0
20 -1.15 0.0 0.0 -0.992063492063 -0.97619047619 1.0 -1.0 1.0 -1.0 0.0
21 -1.05 0.0 0.0 0.992063492063 -1.0 1.0 -1.0 1.0 -1.0 0.0
22 -0.95 0.0 0.0 -0.992063492063 1.0 1.0 -1.0 1.0 -1.0 0.0
23 -0.85 0.0 0.0 0.992063492063 0.97619047619 0.944444444444 -1.0 1.0 -1.0 0.0
24 -0.75 0.0 0.0 -0.992063492063 -0.97619047619 -0.944444444444 1.0 1.0 -1.0 0.0
25 -0.65 0.0 0.0 0.992063492063 -1.0 -1.0 1.0 1.0 -1.0 0.0
26 -0.55 0.0 0.0 -0.992063492063 1.0 -1.0 1.0 1.0 -1.0 0.0
27 -0.45 0.0 0.0 0.992063492063 0.97619047619 -1.0 1.0 1.0 -1.0 0.0
28 -0.35 0.0 0.0 -0.992063492063 -0.97619047619 1.0 1.0 1.0 -1.0 0.0
29 -0.25 0.0 0.0 0.992063492063 -1.0 1.0 1.0 1.0 -1.0 0.0
30 -0.15 0.0 0.0 -0.992063492063 1.0 1.0 1.0 1.0 -1.0 0.0
31 -0.05 0.0 0.0 0.992063492063 0.97619047619 0.944444444444 0.880952380952 0.753968253968 -1.0 0.0
32 0.05 0.0 0.0 -0.992063492063 -0.97619047619 -0.944444444444 -0.880952380952 -0.753968253968 1.0 0.0
33 0.15 0.0 0.0 0.992063492063 -1.0 -1.0 -1.0 -1.0 1.0 0.0
34 0.25 0.0 0.0 -0.992063492063 1.0 -1.0 -1.0 -1.0 1.0 0.0
35 0.35 0.0 0.0 0.992063492063 0.97619047619 -1.0 -1.0 -1.0 1.0 0.0
36 0.45 0.0 0.0 -0.992063492063 -0.97619047619 1.0 -1.0 -1.0 1.0 0.0
37 0.55 0.0 0.0 0.992063492063 -1.0 1.0 -1.0 -1.0 1.0 0.0
38 0.65 0.0 0.0 -0.992063492063 1.0 1.0 -1.0 -1.0 1.0 0.0
39 0.75 0.0 0.0 0.992063492063 0.97619047619 0.944444444444 -1.0 -1.0 1.0 0.0
40 0.85 0.0 0.0 -0.992063492063 -0.97619047619 -0.944444444444 1.0 -1.0 1.0 0.0
41 0.95 0.0 0.0 0.992063492063 -1.0 -1.0 1.0 -1.0 1.0 0.0
42 1.05 0.0 0.0 -0.992063492063 1.0 -1.0 1.0 -1.0 1.0 0.0
43 1.15 0.0 0.0 0.992063492063 0.97619047619 -1.0 1.0 -1.0 1.0 0.0
44 1.25 0.0 0.0 -0.992063492063 -0.97619047619 1.0 1.0 -1.0 1.0 0.0
45 1.35 0.0 0.0 0.992063492063 -1.0 1.0 1.0 -1.0 1.0 0.0
46 1.45 0.0 0.0 -0.992063492063 1.0 1.0 1.0 -1.0 1.0 0.0
47 1.55 0.0 0.0 0.992063492063 0.97619047619 0.944444444444 0.880952380952 -1.0 1.0 0.0
48 1.65 0.0 0.0 -0.992063492063 -0.97619047619 -0.944444444444 -0.880952380952 1.0 1.0 0.0
49 1.75 0.0 0.0 0.992063492063 -1.0 -1.0 -1.0 1.0 1.0 0.0
50 1.85 0.0 0.0 -0.992063492063 1.0 -1.0 -1.0 1.0 1.0 0.0
51 1.95 0.0 0.0 0.992063492063 0.97619047619 -1.0 -1.0 1.0 1.0 0.0
52 2.05 0.0 0.0 -0.992063492063 -0.97619047619 1.0 -1.0 1.0 1.0 0.0
53 2.15 0.0 0.0 0.992063492063 -1.0 1.0 -1.0 1.0 1.0 0.0
54 2.25 0.0 0.0 -0.992063492063 1.0 1.0 -1.0 1.0 1.0 0.0
55 2.35 0.0 0.0 0.992063492063 0.97619047619 0.944444444444 -1.0 1.0 1.0 0.0
56 2.45 0.0 0.0 -0.992063492063 -0.97619047619 -0.944444444444 1.0 1.0 1.0 0.0
57 2.55 0.0 0.0 0.992063492063 -1.0 -1.0 1.0 1.0 1.0 0.0
58 2.65 0.0 0.0 -0.992063492063 1.0 -1.0 1.0 1.0 1.0 0.0
59 2.75 0.0 0.0 0.992063492063 0.97619047619 -1.0 1.0 1.0 1.0 0.0
60 2.85 0.0 0.0 -0.992063492063 -0.97619047619 1.0 1.0 1.0 1.0 0.0
61 2.95 0.0 0.0 0.992063492063 -1.0 1.0 1.0 1.0 1.0 0.0
62 3.05 0.0 0.0 -0.992063492063 1.0 1.0 1.0 1.0 1.0 0.0
63 3.15 0.0 0.0 0.992063492063 0.97619047619 0.944444444444 0.880952380952 0.753968253968 0.5 0.0
