#
# Code will run in posterior sampling mode.
#
# A scale parameter will be fit to the bkg model.
#
# The total number of Gibbs draws is 3600, every 20th draws will be saved.
#
# The model will be fit using the Multi Scale Prior.
#
# The data matrix is 128 by 128.
#
# The data file should contain a  2^7 by 2^7 matrix of counts.
#
# Starting Values for the smoothing parameter (alpha):
# Aggregation Level:  0,   alpha: 0.03 (Full Data)
# Aggregation Level:  1,   alpha: 0.04
# Aggregation Level:  2,   alpha: 0.05
# Aggregation Level:  3,   alpha: 0.06
# Aggregation Level:  4,   alpha: 0.07
# Aggregation Level:  5,   alpha: 0.08
# Aggregation Level:  6,   alpha: 0.09  (In the 2x2 table)
#
# The prior distribution on the total count from the multiscale component is
# Gamma(1.000000, 0.050000).
#
# The hyper-prior smoothing parameter (kappa 2) is 1000.
#
iteration logPost stepSize cycleSpinRow cycleSpinCol smoothingParam0 smoothingParam1 smoothingParam2 smoothingParam3 smoothingParam4 smoothingParam5 smoothingParam6 expectedMSCounts bkgScale 
20   -20670.7    41.95628276 25 24 0.029720 0.036972 0.049636 0.138104 0.185417 0.182038 0.124132 202.764 0.816318 
40   -21124.7   -194.5527621 6 30 0.093852 0.016310 0.078418 0.069354 0.057423 0.113067 0.087893 39.9042 0.916422 
60   -20753.8    179.6138572 94 45 0.086742 0.062052 0.066034 0.074910 0.045463 0.128662 0.065544 3.17137 0.963498 
80   -21596.7   -904.4269426 43 64 0.058614 0.096309 0.037376 0.092833 0.077929 0.076468 0.072745 2.42507 1.00484 
100   -21282.1    147.6739408 4 88 0.065792 0.107294 0.086472 0.025687 0.117937 0.055741 0.090877 2.33719 0.996131 
120   -20713.7    184.7098411 4 29 0.125127 0.090203 0.075768 0.077817 0.012092 0.116577 0.074811 8.30865 1.02303 
140   -20998.5    345.1099396 125 19 0.073952 0.051192 0.059472 0.136786 0.032847 0.035829 0.143861 4.66238 0.981767 
160     -21767   -861.7458585 12 67 0.011115 0.087457 0.081788 0.051126 0.058535 0.057728 0.065866 1.08586 1.01577 
180   -21596.9   -799.2312156 79 86 0.101339 0.101406 0.113481 0.078710 0.131771 0.116708 0.097043 6.58377 0.984549 
200   -21054.3    -435.509687 13 34 0.050886 0.134029 0.098901 0.075851 0.056962 0.047258 0.083444 5.09127 1.05316 
220     -21488   -250.2116567 57 77 0.066474 0.124717 0.012130 0.070105 0.068184 0.088690 0.084551 6.77994 0.981869 
240   -20897.2    291.6393391 110 26 0.109576 0.054899 0.120147 0.066913 0.059846 0.128276 0.113788 3.58846 1.00315 
260   -21040.2   -267.4263609 89 0 0.121821 0.050128 0.111992 0.134844 0.048002 0.065919 0.081981 4.48202 0.9354 
280   -21572.8   -631.7047082 75 16 0.119175 0.021275 0.115972 0.146179 0.105707 0.157597 0.038774 3.33109 0.992102 
300   -20493.1    685.7486143 43 101 0.110858 0.118768 0.085295 0.059013 0.074832 0.076725 0.071735 10.7602 0.989398 
320   -21207.4    -116.885023 49 60 0.108137 0.094586 0.076640 0.108146 0.037957 0.105112 0.082437 13.6665 1.01272 
340   -20772.3   -90.11482457 119 93 0.044331 0.102260 0.075003 0.020156 0.028746 0.148235 0.096177 9.00046 1.01018 
360   -21084.2    83.76071999 55 90 0.141946 0.090761 0.047362 0.106338 0.112795 0.080533 0.102822 6.60681 1.03864 
380   -20806.1   -31.46773387 122 82 0.106194 0.080855 0.067606 0.047521 0.067500 0.060321 0.070280 4.46238 1.00832 
400   -21375.1   -602.7772453 64 8 0.087916 0.073736 0.048374 0.031123 0.050033 0.129333 0.120218 12.4031 0.980735 
420   -20961.9    105.0725632 72 60 0.126711 0.015590 0.057528 0.096487 0.053157 0.103464 0.103812 2.57435 1.00829 
440     -21191   -219.6588621 120 33 0.097310 0.146420 0.072235 0.103498 0.049317 0.011025 0.015846 2.4312 1.01331 
460   -20657.7     56.5544069 14 115 0.063401 0.100113 0.091225 0.035887 0.048296 0.157734 0.069271 0.681257 0.996026 
480     -20918   -172.8691588 54 35 0.104320 0.029122 0.045426 0.071161 0.042977 0.128432 0.070976 1.84975 1.09283 
500   -21636.4   -84.07655847 111 61 0.033438 0.065831 0.039080 0.055466 0.111899 0.128676 0.032340 7.33396 0.966763 
520   -20496.5   -73.44572222 31 112 0.114085 0.080209 0.037060 0.108493 0.082023 0.069620 0.073856 17.6473 1.00497 
540   -20845.2    608.0698479 96 45 0.041826 0.061907 0.147054 0.103873 0.105517 0.071869 0.045848 3.07163 1.0292 
560   -20663.5    661.7578463 50 123 0.066550 0.122454 0.083156 0.048938 0.066781 0.072748 0.087492 11.219 1.01109 
580   -20875.9   -312.3687073 17 16 0.090082 0.068566 0.100034 0.063812 0.100424 0.062419 0.123124 3.7338 1.01983 
600   -20734.7    335.7226542 27 111 0.081806 0.179288 0.043234 0.056716 0.052272 0.053662 0.113716 3.67365 1.04351 
620   -20814.8    357.7993745 46 88 0.113697 0.050875 0.076913 0.061111 0.103374 0.046503 0.092550 9.84312 0.977684 
640   -21143.3   -472.1396022 3 19 0.032406 0.052970 0.071607 0.057100 0.047009 0.135463 0.104993 2.94765 1.01756 
660   -21484.7   -473.5954557 22 33 0.069355 0.040559 0.107567 0.110804 0.074604 0.071403 0.045114 5.40968 1.00316 
680   -21072.1   -247.7055067 109 9 0.028407 0.127955 0.113477 0.122279 0.065960 0.056081 0.057621 0.997957 1.00977 
700   -20972.5    219.5600093 0 41 0.102160 0.017525 0.100731 0.080805 0.057190 0.073692 0.109578 3.9439 0.981024 
720       -inf           -inf 104 118 0.148088 0.033516 0.094980 0.167430 0.068651 0.028413 0.033067 3.37539 0.998843 
740   -20637.3    301.1341919 35 107 0.049825 0.067402 0.054163 0.087528 0.100478 0.108452 0.082288 0.387936 1.03778 
760   -21131.1   -550.3632888 5 13 0.035010 0.057066 0.081990 0.093233 0.048845 0.059085 0.108873 1.31162 0.994437 
780   -20849.8    391.9258908 107 52 0.122396 0.016993 0.097259 0.092715 0.083602 0.035897 0.051773 2.08421 1.00561 
800   -21395.5   -801.5554773 10 66 0.057141 0.044279 0.108912 0.083228 0.074223 0.024336 0.142881 4.65975 0.974434 
820   -21302.4   -133.2103787 21 76 0.043255 0.055756 0.042934 0.090571 0.079513 0.088765 0.071938 1.52292 1.02223 
840   -21272.7    -617.568272 41 13 0.040627 0.057971 0.087191 0.076388 0.053243 0.079875 0.051373 0.891073 1.02794 
860   -21317.4    633.6595612 27 46 0.040053 0.056652 0.101508 0.146967 0.035545 0.096688 0.029333 3.34283 1.02938 
880   -20418.8    448.6646457 122 121 0.139666 0.074153 0.034556 0.037533 0.054168 0.053839 0.077634 0.00273559 0.94785 
900   -20453.2    223.2367285 17 84 0.054572 0.137622 0.019770 0.066222 0.036766 0.143680 0.085731 0.602832 1.01809 
920   -21308.3   -469.2570817 38 9 0.049467 0.042088 0.089395 0.062823 0.054795 0.013765 0.078357 0.597212 1.03839 
940   -21029.3   -336.8518443 54 81 0.084995 0.168137 0.129618 0.049119 0.088929 0.137772 0.074591 8.87324 0.927525 
960   -20626.5            inf 107 7 0.008141 0.088310 0.077670 0.033029 0.104910 0.077584 0.058232 9.92181 1.00599 
980   -21012.5    -227.422478 66 92 0.039695 0.108950 0.075009 0.065339 0.100632 0.092356 0.029540 3.44174 1.04185 
1000   -21426.1   -354.7405407 96 22 0.092650 0.057564 0.115792 0.022772 0.032764 0.065954 0.057031 6.96437 1.05712 
1020     -21336   -605.0543753 14 64 0.113239 0.066519 0.063016 0.049443 0.088420 0.082811 0.053205 10.7979 0.987984 
1040       -inf           -inf 102 27 0.059394 0.011885 0.087398 0.155542 0.093087 0.035476 0.073570 12.1723 1.00198 
1060   -20864.9            inf 44 20 0.035001 0.032001 0.109536 0.052762 0.068229 0.089350 0.055285 18.6673 0.992148 
1080   -20892.7   -237.5224416 105 16 0.047616 0.099727 0.155572 0.026274 0.125267 0.060299 0.055952 5.2031 0.967871 
1100   -20860.8     52.1319839 83 32 0.064656 0.065061 0.076768 0.094536 0.107414 0.085524 0.076785 1.73905 1.01981 
1120   -21194.5   -703.4543443 101 30 0.052873 0.007765 0.042263 0.071286 0.117092 0.049457 0.088066 3.63691 1.06423 
1140   -21145.7    -610.411499 123 66 0.027019 0.064720 0.120516 0.096077 0.050086 0.022731 0.065092 1.06285 1.0557 
1160   -21254.5   -565.8589365 19 27 0.049012 0.069565 0.039283 0.084287 0.090709 0.075691 0.066457 7.17576 1.03802 
1180   -20741.9    58.27794117 31 95 0.042408 0.029745 0.139691 0.042760 0.087327 0.035349 0.094602 2.20873 1.05406 
1200   -21263.3            inf 58 78 0.081377 0.066006 0.048160 0.028490 0.080000 0.065947 0.081070 0.444002 0.992935 
1220   -20690.6   -321.3760831 82 28 0.099703 0.060456 0.074171 0.087888 0.058370 0.128332 0.053834 1.46422 0.984521 
1240     -21088            inf 10 115 0.026241 0.062904 0.043909 0.039584 0.089585 0.064694 0.114748 5.33416 1.05783 
1260   -21093.7    463.9888553 80 103 0.128733 0.162113 0.039336 0.066676 0.015806 0.066422 0.096906 0.332579 1.00959 
1280     -20957   -225.5838481 88 74 0.133342 0.096584 0.041063 0.082932 0.074566 0.155289 0.056059 4.0045 1.00757 
1300   -20644.9   -16.47894671 109 15 0.049203 0.006179 0.094098 0.083761 0.136732 0.057641 0.162969 9.52879 1.01971 
1320   -20637.7    220.5955479 76 108 0.042007 0.094016 0.060595 0.069004 0.054262 0.122149 0.101663 10.5609 1.03313 
1340     -21188   -218.9827599 1 92 0.084736 0.047115 0.046956 0.077978 0.090963 0.090821 0.092911 7.75264 1.00705 
1360   -20920.6   -43.52543627 26 2 0.076656 0.147124 0.086253 0.052575 0.039098 0.013167 0.066441 5.99401 1.03062 
1380       -inf            nan 103 61 0.045407 0.023667 0.098956 0.029845 0.023485 0.101933 0.104344 3.2819 0.988911 
1400   -20959.5    148.7748176 79 102 0.052579 0.056317 0.096924 0.071278 0.037351 0.027232 0.088546 3.07184 1.02929 
1420   -21326.8   -83.58002382 98 64 0.083573 0.112095 0.038930 0.075223 0.021527 0.055801 0.041346 15.2768 1.03866 
1440     -21819   -851.0822025 96 18 0.067960 0.036528 0.061587 0.071415 0.073732 0.151139 0.068611 2.50948 1.0321 
1460       -inf           -inf 110 100 0.084324 0.149254 0.091448 0.053855 0.046846 0.067610 0.104146 2.69105 1.02849 
1480   -21134.8   -41.87442848 118 33 0.067657 0.080858 0.082285 0.103709 0.046826 0.110298 0.093771 5.6452 0.993236 
1500   -20940.7   0.6515596896 33 58 0.066936 0.049376 0.103145 0.067901 0.068463 0.066292 0.055670 2.46081 1.01489 
1520   -21137.9            inf 122 1 0.083030 0.010226 0.050909 0.060614 0.073738 0.080885 0.061247 3.62991 0.994686 
1540   -20887.2    156.7811325 85 54 0.075414 0.093973 0.040351 0.040518 0.095786 0.030310 0.101453 3.96638 1.06694 
1560   -20653.9   -47.65197827 15 4 0.014553 0.104092 0.045019 0.097657 0.067664 0.045909 0.059099 0.607137 1.01013 
1580     -20621    390.8488731 0 78 0.121282 0.131139 0.106323 0.035060 0.090502 0.015190 0.053981 0.00921279 0.984559 
1600   -21323.6    58.35696351 52 102 0.108711 0.066841 0.072391 0.094970 0.068750 0.014153 0.107035 0.135576 0.978847 
1620   -21467.2    -487.792932 127 16 0.117804 0.149951 0.051830 0.057329 0.081127 0.129956 0.021737 4.11532 0.982001 
1640   -21085.8    628.9603368 0 98 0.039324 0.052619 0.094885 0.112534 0.079480 0.127569 0.145444 8.15671 0.999014 
1660   -21077.7    1054.539088 82 42 0.041962 0.078381 0.016598 0.107808 0.030956 0.067000 0.083619 6.75724 1.01124 
1680   -20820.3    676.9042382 108 16 0.139808 0.102634 0.049855 0.085040 0.075359 0.102145 0.089953 5.64211 1.02199 
1700   -21567.5   -867.3178435 113 76 0.078133 0.017573 0.086542 0.027493 0.039163 0.114568 0.074099 3.38134 1.03573 
1720   -21057.3   -120.5094787 38 37 0.084266 0.004232 0.094832 0.029447 0.116047 0.088931 0.102047 6.74534 0.980532 
1740   -20832.9    338.2540431 84 39 0.021057 0.129818 0.052503 0.048690 0.117934 0.099795 0.086300 16.7749 1.01999 
1760   -21103.9    456.0087382 61 95 0.094128 0.128651 0.073904 0.078750 0.080396 0.043535 0.146993 3.78204 0.998578 
1780   -20952.2            inf 53 20 0.137528 0.019028 0.054725 0.063709 0.093358 0.067424 0.087251 7.22625 1.00431 
1800   -21089.3   -93.62565247 116 63 0.073316 0.052679 0.087273 0.086547 0.171372 0.099878 0.119558 1.06515 0.990353 
1820   -21034.3    309.9729981 92 64 0.074729 0.116558 0.080385 0.048763 0.061986 0.101085 0.063439 2.13181 1.0133 
1840   -20820.8   -254.2352027 49 93 0.019843 0.132692 0.130399 0.078873 0.101489 0.075010 0.082059 4.3763 1.02721 
1860   -20915.3   -471.4438459 66 118 0.097711 0.084336 0.058830 0.116689 0.054629 0.095488 0.070690 0.290913 0.961406 
1880   -20893.6    481.7452007 111 87 0.044157 0.068672 0.088834 0.015793 0.101975 0.040938 0.087133 4.65421 0.993824 
1900   -20963.4   -132.3804056 115 6 0.100335 0.083645 0.055161 0.097966 0.094609 0.056701 0.040683 2.2578 0.974451 
1920   -20954.5    467.1240392 40 96 0.061859 0.083823 0.017510 0.049916 0.055209 0.054506 0.109028 4.70814 0.989877 
1940   -20548.6    1061.659987 48 46 0.146796 0.058770 0.102083 0.022034 0.052565 0.043812 0.128462 1.34089 1.01559 
1960   -20577.7     1200.67285 43 55 0.098309 0.062711 0.070647 0.052233 0.063957 0.045501 0.091742 3.20155 1.03158 
1980   -21343.1    2.576568773 83 61 0.073001 0.057294 0.093470 0.051887 0.115166 0.057220 0.063085 2.8612 1.06066 
2000       -inf           -inf 95 111 0.138364 0.033946 0.088724 0.129543 0.039812 0.043539 0.125465 0.333613 1.03201 
2020   -21011.8   -151.2240279 25 3 0.037122 0.068091 0.080012 0.055255 0.055349 0.082515 0.071953 5.84764 1.00103 
2040   -21091.3   -31.02762784 127 35 0.078973 0.072447 0.104082 0.073744 0.046350 0.052831 0.071416 0.211477 1.02514 
2060   -20422.2     354.105679 114 85 0.060054 0.129131 0.055084 0.034914 0.120068 0.123045 0.038337 4.30629 1.05105 
2080   -21169.6   -316.8723919 26 114 0.131657 0.033455 0.092280 0.043113 0.077378 0.061021 0.076498 1.59227 1.05354 
2100     -20877    162.0144057 64 46 0.049492 0.036783 0.079541 0.073705 0.060597 0.022946 0.054765 4.23006 0.965325 
2120   -21096.3   -63.13005338 98 36 0.075187 0.082111 0.093484 0.104823 0.077041 0.047478 0.058118 3.16292 1.04349 
2140   -20833.5    585.5063372 18 61 0.108688 0.119775 0.098225 0.094003 0.066374 0.067176 0.051146 17.339 1.00184 
2160   -21610.3   -762.8991978 80 125 0.070774 0.062539 0.057943 0.027356 0.105871 0.069118 0.048869 9.95972 1.06148 
2180   -21260.2            inf 34 58 0.072685 0.052389 0.080302 0.100337 0.033170 0.066306 0.126961 2.88509 1.0191 
2200   -20828.9    519.3031343 83 19 0.082306 0.066860 0.052419 0.121994 0.054116 0.048490 0.063669 2.08216 1.05618 
2220   -20620.8     479.124681 99 102 0.071730 0.067485 0.052284 0.074719 0.044437 0.081745 0.094326 0.107773 0.971158 
2240   -20565.7    96.85530748 56 95 0.068640 0.009039 0.108184 0.020923 0.026021 0.082459 0.024938 2.20979 0.994998 
2260   -21406.2   -187.7364467 65 26 0.046384 0.122413 0.134697 0.096374 0.103726 0.014605 0.111211 1.37114 1.01817 
2280   -21224.3   -377.3250876 7 10 0.095765 0.108946 0.128424 0.058350 0.033757 0.094442 0.027885 1.64511 1.03147 
2300   -20873.4    430.3908723 50 18 0.117521 0.039634 0.041227 0.070424 0.049007 0.116717 0.015927 2.06335 1.02137 
2320   -20618.4    432.9851303 45 88 0.018441 0.052082 0.011034 0.094754 0.063307 0.063114 0.085442 0.100625 1.04058 
2340   -20762.8            inf 103 111 0.109232 0.083995 0.086029 0.034241 0.077878 0.025569 0.045119 1.2342 1.01367 
2360   -21539.5   -1124.380887 32 55 0.079167 0.078013 0.098383 0.039680 0.113384 0.044648 0.058826 1.80812 0.977265 
2380   -20456.7     206.203692 127 119 0.123677 0.089061 0.017813 0.076652 0.126179 0.061992 0.096168 2.83286 1.01328 
2400     -20949            inf 57 99 0.009385 0.133179 0.077299 0.089444 0.013015 0.074667 0.128268 1.29241 0.963286 
2420   -21516.8   -369.8484627 107 37 0.038074 0.088853 0.106303 0.119221 0.114698 0.076798 0.092171 2.34519 0.999787 
2440   -20859.2   -227.8449911 79 57 0.033321 0.097690 0.079261 0.046615 0.059563 0.040334 0.045578 3.20412 0.971308 
2460   -20920.2            inf 60 66 0.064386 0.097839 0.093939 0.083770 0.025238 0.103479 0.031728 2.146 1.00313 
2480   -21444.3   -580.8591462 37 68 0.061022 0.071930 0.062480 0.057745 0.106845 0.093569 0.045158 0.920851 0.981922 
2500   -20720.4    159.6602154 122 42 0.050098 0.042921 0.045361 0.020766 0.039039 0.082776 0.073592 1.65905 1.01088 
2520   -21240.2   -278.0435441 66 46 0.138005 0.096474 0.106313 0.100600 0.116711 0.109825 0.094273 2.06062 1.01834 
2540     -21704   -978.4580719 73 89 0.092546 0.039612 0.125006 0.127236 0.027272 0.075859 0.048104 9.47158 1.02472 
2560   -21249.1            inf 77 15 0.004690 0.047711 0.065695 0.115673 0.079199 0.096558 0.005316 0.77003 1.03036 
2580       -inf           -inf 50 7 0.037092 0.078848 0.061290 0.059578 0.109566 0.074840 0.074559 7.02672 0.983696 
2600   -20503.7   -21.90790379 100 116 0.064165 0.071428 0.064627 0.071139 0.036950 0.049938 0.070269 0.137248 1.01399 
2620       -inf           -inf 58 93 0.059811 0.028921 0.093855 0.054872 0.028176 0.102778 0.110147 16.5183 0.990046 
2640   -21169.6    158.8004002 43 29 0.027947 0.047406 0.165202 0.062362 0.054293 0.051163 0.071020 3.03717 1.02545 
2660     -21121   -394.0896872 28 36 0.108332 0.134093 0.087115 0.104368 0.072304 0.112792 0.049761 9.21996 0.997011 
2680   -20787.7    905.2333732 111 117 0.054048 0.091665 0.098733 0.134324 0.062389 0.114280 0.130361 0.792586 0.998993 
2700   -20922.7   -78.83035688 101 14 0.069821 0.100172 0.060173 0.130922 0.074774 0.117766 0.070824 3.54596 1.03711 
2720   -20905.9   -238.3102289 125 78 0.049871 0.054033 0.082437 0.047557 0.054555 0.017032 0.030704 3.22198 0.985319 
2740   -21100.7    41.78090269 78 118 0.029893 0.083782 0.076548 0.083368 0.065584 0.048345 0.115365 1.26096 1.03962 
2760   -21142.2    1147.381636 17 78 0.084180 0.076726 0.109130 0.007860 0.093487 0.131746 0.088347 0.238373 0.985155 
2780       -inf           -inf 70 73 0.167608 0.025868 0.072803 0.057965 0.059573 0.107768 0.107550 11.124 0.961773 
2800   -21200.2    25.26713049 49 3 0.090762 0.066360 0.073368 0.084211 0.110250 0.073619 0.119929 8.23675 1.00599 
2820       -inf           -inf 36 79 0.101529 0.119400 0.060510 0.016397 0.139221 0.070318 0.082724 7.38012 1.00943 
2840   -20462.6     488.562422 74 73 0.074832 0.026986 0.095037 0.095024 0.057735 0.094799 0.007955 4.37935 1.03685 
2860       -inf           -inf 69 8 0.056874 0.060427 0.169024 0.078079 0.105211 0.023647 0.081158 9.30051 1.0458 
2880   -21157.3            inf 94 2 0.087809 0.127279 0.089305 0.036104 0.095364 0.069894 0.088164 4.90136 1.0229 
2900   -21206.6   -104.5766389 21 68 0.048434 0.069667 0.087618 0.045199 0.030139 0.059773 0.109638 0.806247 1.01595 
2920   -20786.4   -210.5811417 5 32 0.073648 0.071089 0.034053 0.016945 0.071183 0.071584 0.108106 9.91337 1.00509 
2940   -21501.8            inf 79 98 0.124868 0.054641 0.029502 0.131157 0.097560 0.110239 0.143555 7.65717 1.00942 
2960   -20989.8    715.4577932 101 75 0.015236 0.085585 0.067473 0.072664 0.106316 0.037946 0.120509 2.75858 1.02231 
2980   -20654.9    322.2882697 88 125 0.054603 0.035695 0.106120 0.034298 0.088881 0.031192 0.038127 0.607309 1.03783 
3000   -21287.9   -336.5732455 83 91 0.030582 0.066081 0.007332 0.127185 0.064501 0.112954 0.096527 1.85103 0.964028 
3020   -21890.5   -1038.633957 35 57 0.077903 0.063614 0.099596 0.053311 0.076933 0.040876 0.041559 3.00665 1.01169 
3040   -20591.5    479.5220175 112 48 0.125422 0.094871 0.103457 0.104634 0.047118 0.069879 0.112892 0.790746 1.02391 
3060   -20646.4    252.6343892 123 31 0.060734 0.018569 0.092426 0.060931 0.087503 0.048007 0.082649 24.247 0.989241 
3080   -20704.7    -6.06283183 64 29 0.107697 0.105526 0.055885 0.055340 0.031841 0.046700 0.102116 4.46377 1.00377 
3100   -21170.8   -568.3232899 10 60 0.077647 0.077902 0.105234 0.109781 0.144553 0.014056 0.080700 5.31693 1.01138 
3120   -21302.8   -318.8081582 29 20 0.067746 0.095623 0.104437 0.060143 0.047303 0.137794 0.026440 2.78807 1.05177 
3140   -20859.1    279.6488689 59 112 0.126962 0.053047 0.059268 0.140936 0.122978 0.063674 0.064895 0.612077 1.00807 
3160   -20895.1    154.8373293 115 20 0.076497 0.084492 0.070668 0.078515 0.049230 0.023604 0.055519 2.51215 1.07042 
3180   -20741.7            inf 47 20 0.142260 0.048606 0.039362 0.029973 0.055628 0.112835 0.081974 10.1851 1.00933 
3200   -20657.4    562.6610905 34 1 0.030012 0.044579 0.045358 0.112757 0.070985 0.043648 0.105258 8.91813 0.989042 
3220       -inf           -inf 33 75 0.038362 0.040486 0.047267 0.130520 0.062884 0.152456 0.099121 6.39445 1.04791 
3240   -20766.1    -103.256538 94 15 0.103382 0.046146 0.085843 0.102150 0.074862 0.050082 0.047545 10.1788 1.03625 
3260   -21335.4   -929.5610778 110 86 0.070066 0.085685 0.055149 0.087353 0.095310 0.057848 0.121705 27.1422 0.98728 
3280   -21366.7   -632.0669725 18 47 0.098624 0.075518 0.084246 0.061997 0.048740 0.056660 0.082296 17.9414 1.00427 
3300   -21605.4   -478.1866041 39 77 0.052104 0.092456 0.044973 0.044725 0.133116 0.078959 0.143251 7.00209 1.03224 
3320     -21110     159.238315 42 40 0.094444 0.031146 0.059815 0.068446 0.090541 0.084749 0.089387 4.78827 1.00762 
3340   -20728.4    214.4992239 108 112 0.057014 0.097607 0.093179 0.116361 0.072160 0.080733 0.042344 8.16956 0.998637 
3360   -20651.1    387.1229316 10 55 0.098373 0.026672 0.080788 0.134847 0.079992 0.093355 0.112574 1.46566 1.03032 
3380   -20841.5   -77.73487378 88 83 0.068457 0.087796 0.134030 0.108017 0.054595 0.054575 0.044230 1.98075 1.00175 
3400   -20851.1    242.8085133 97 123 0.047998 0.060652 0.105396 0.053999 0.095909 0.033490 0.079382 5.04102 1.00879 
3420   -21261.6    497.8493173 32 114 0.084658 0.048704 0.111918 0.065027 0.015039 0.076789 0.131707 2.94081 1.01334 
3440   -21226.3    -382.967379 114 86 0.039364 0.027435 0.048257 0.104820 0.086915 0.117874 0.022613 1.38578 0.976011 
3460   -20995.6     143.773737 79 97 0.078149 0.146152 0.154284 0.060076 0.086180 0.004841 0.063333 6.14585 1.02294 
3480   -20942.2   -118.7730501 65 87 0.125763 0.022217 0.026231 0.116000 0.056295 0.042961 0.042296 1.55886 1.03783 
3500   -20608.4    239.0911863 66 78 0.040930 0.028957 0.093910 0.039696 0.030090 0.056447 0.098829 2.91052 0.988536 
3520   -20997.4    -95.7853455 59 85 0.085593 0.039453 0.070095 0.106192 0.066453 0.039973 0.091350 4.79588 1.00092 
3540   -20782.8    461.2737512 2 35 0.014957 0.012617 0.128486 0.068039 0.048385 0.112018 0.094552 1.80034 1.01613 
3560   -21416.4   -516.5769669 1 37 0.117185 0.085691 0.049025 0.100468 0.075678 0.164000 0.120204 0.45653 1.02301 
3580   -20861.2   -152.7545479 6 111 0.050627 0.102528 0.113141 0.085002 0.067613 0.049024 0.055808 2.93311 0.982502 
3600   -20623.6    163.1807835 28 107 0.071480 0.113573 0.061982 0.059120 0.071190 0.035968 0.087423 2.18271 1.0179 