#
# Code will run in posterior sampling mode.
#
# A scale parameter will be fit to the bkg model.
#
# The total number of Gibbs draws is 3600, every 20th draws will be saved.
#
# The model will be fit using the Multi Scale Prior.
#
# The data matrix is 128 by 128.
#
# The data file should contain a  2^7 by 2^7 matrix of counts.
#
# Starting Values for the smoothing parameter (alpha):
# Aggregation Level:  0,   alpha: 0.003 (Full Data)
# Aggregation Level:  1,   alpha: 0.004
# Aggregation Level:  2,   alpha: 0.005
# Aggregation Level:  3,   alpha: 0.006
# Aggregation Level:  4,   alpha: 0.007
# Aggregation Level:  5,   alpha: 0.008
# Aggregation Level:  6,   alpha: 0.009  (In the 2x2 table)
#
# The prior distribution on the total count from the multiscale component is
# Gamma(1.000000, 0.050000).
#
# The hyper-prior smoothing parameter (kappa 2) is 1000.
#
iteration logPost stepSize cycleSpinRow cycleSpinCol smoothingParam0 smoothingParam1 smoothingParam2 smoothingParam3 smoothingParam4 smoothingParam5 smoothingParam6 expectedMSCounts bkgScale 
20   -20802.5   -192.5900461 67 3 0.146372 0.045696 0.016298 0.108445 0.050910 0.115069 0.066817 11.7588 1.01197 
40   -20770.5    325.0850572 92 60 0.090065 0.076006 0.108540 0.034949 0.094047 0.058639 0.060322 0.168528 1.0272 
60     -20884    467.6805717 72 95 0.007177 0.037197 0.087509 0.135728 0.039637 0.083401 0.028693 0.130965 1.0367 
80   -20573.9    880.9912607 124 2 0.061820 0.099339 0.135923 0.069271 0.042370 0.102640 0.146117 4.35637 1.01235 
100       -inf           -inf 11 104 0.018908 0.005647 0.084986 0.066959 0.047689 0.046237 0.089945 6.2264 0.999216 
120   -21374.8   -769.0718609 20 61 0.120166 0.177148 0.095765 0.107981 0.073735 0.091639 0.114150 3.44232 1.01128 
140   -21831.3   -1134.125878 97 13 0.018968 0.057956 0.107336 0.119287 0.051535 0.024283 0.032329 4.03609 1.01924 
160   -21027.2   -92.36517381 32 39 0.072713 0.033876 0.022064 0.077026 0.066610 0.026023 0.087094 11.3548 0.966607 
180   -20766.2    98.72607924 54 119 0.076701 0.086560 0.083270 0.029308 0.047387 0.041950 0.135660 0.491619 1.04753 
200   -20816.4    197.3326539 92 94 0.060343 0.163766 0.074984 0.045929 0.082569 0.102181 0.063159 5.64021 1.03333 
220   -20848.2   -94.38248537 35 35 0.095319 0.076237 0.025323 0.087673 0.010931 0.171435 0.054808 2.00622 1.05127 
240   -21349.3   -41.84998801 27 87 0.038782 0.064347 0.047796 0.051972 0.095458 0.092167 0.094825 12.8141 0.920407 
260       -inf           -inf 115 34 0.072351 0.041140 0.058773 0.086522 0.030710 0.046019 0.059736 9.23435 1.02827 
280   -21048.8    402.9836865 11 44 0.124744 0.082273 0.047005 0.067441 0.077254 0.027384 0.051351 7.93592 1.01648 
300   -20803.5   -257.6559796 119 108 0.020880 0.084454 0.040473 0.057862 0.038669 0.008822 0.051865 4.81556 0.99901 
320   -20989.2    195.1650408 32 106 0.094673 0.087015 0.087209 0.025962 0.040985 0.071065 0.087110 3.8171 0.974753 
340     -21015    408.4199207 23 23 0.070545 0.025972 0.028303 0.031553 0.025322 0.067832 0.100614 0.961512 0.981901 
360   -20912.3            inf 32 121 0.086973 0.086255 0.046854 0.079017 0.041019 0.100738 0.041944 0.749413 0.980267 
380   -20280.6    589.4513968 11 31 0.082805 0.118856 0.115924 0.063603 0.056911 0.006471 0.071452 2.09763 0.979893 
400   -20990.4   -163.5242767 106 77 0.097430 0.079451 0.043538 0.137168 0.062597 0.075530 0.040512 4.28432 0.998338 
420   -21042.4   -172.6868618 100 7 0.077994 0.056382 0.019098 0.014724 0.096832 0.126150 0.090695 4.00176 1.01008 
440     -20938   -612.1319731 20 90 0.029202 0.083669 0.121450 0.095781 0.051343 0.096280 0.076730 1.7855 1.02355 
460       -inf           -inf 21 107 0.055014 0.082128 0.080126 0.104139 0.094356 0.045439 0.054895 3.76925 0.997893 
480   -20741.2   -200.4606882 7 3 0.093467 0.023602 0.046649 0.025837 0.060267 0.071437 0.057094 3.36682 0.984501 
500       -inf           -inf 46 7 0.063920 0.051376 0.046042 0.060459 0.129976 0.075661 0.122634 1.08463 1.01582 
520     -20979    736.1439469 87 32 0.040371 0.057269 0.101051 0.073822 0.036895 0.036452 0.057640 10.1699 0.971662 
540   -20753.3   -228.5640848 22 91 0.106437 0.064832 0.049464 0.080962 0.066205 0.096077 0.059084 7.02487 1.02413 
560   -20939.3   -224.9121558 89 115 0.010703 0.043369 0.014548 0.050255 0.056789 0.087551 0.059630 5.03334 1.04474 
580   -21315.8    -628.209663 77 74 0.091499 0.138957 0.106433 0.122197 0.032159 0.045037 0.129494 6.84638 0.994004 
600   -21051.7    59.15073389 105 80 0.052373 0.079060 0.059712 0.125455 0.071542 0.073480 0.099038 2.33033 1.01373 
620   -21038.4   -297.7538131 88 85 0.037362 0.077058 0.036213 0.060055 0.046849 0.006942 0.088478 1.49423 0.996587 
640   -21659.7   -702.8411713 35 48 0.067199 0.107940 0.087437 0.093076 0.129247 0.038331 0.050064 0.408125 1.04137 
660   -20701.4    20.99822863 11 44 0.139877 0.103799 0.036076 0.074692 0.120943 0.058113 0.079183 2.02683 0.999334 
680   -20735.8    295.6820476 8 65 0.105624 0.104273 0.163168 0.079826 0.053564 0.062837 0.112918 7.12298 1.02315 
700   -20518.8    501.2755505 70 104 0.082055 0.022434 0.134769 0.026205 0.113555 0.046587 0.103078 6.51365 1.03525 
720       -inf           -inf 71 40 0.141069 0.096928 0.082245 0.061256 0.078132 0.074902 0.074419 1.72871 1.01922 
740   -20790.9    196.9712304 23 77 0.106642 0.080838 0.093204 0.086825 0.064081 0.072999 0.049306 9.30277 1.011 
760   -20854.3    -156.476476 38 33 0.021194 0.073919 0.079021 0.082864 0.090548 0.061469 0.127834 11.1874 1.03523 
780   -21099.1    153.8254528 100 101 0.123778 0.134082 0.070135 0.068703 0.031045 0.084293 0.070653 6.49913 0.995955 
800   -21605.7            inf 24 25 0.085869 0.056441 0.099054 0.062578 0.131335 0.016007 0.069413 2.90078 1.02708 
820   -21217.2   -615.0638184 45 57 0.044409 0.069592 0.120023 0.080553 0.100523 0.163604 0.053110 19.565 0.927431 
840   -21105.9   -131.5049506 39 105 0.109852 0.114418 0.036582 0.120258 0.108030 0.098649 0.100641 1.31269 1.03042 
860   -20880.4            inf 20 85 0.036775 0.031602 0.057620 0.146670 0.150694 0.080993 0.083018 0.4303 1.04828 
880   -20728.1   -85.30994587 19 85 0.117556 0.097806 0.012497 0.154362 0.022390 0.102646 0.034939 10.9013 1.04148 
900   -20771.7   -185.3952592 13 51 0.076701 0.081125 0.003150 0.079851 0.046284 0.026137 0.047810 6.67958 1.00338 
920   -20847.5   -57.35571795 88 81 0.066580 0.026389 0.030263 0.042923 0.068115 0.023864 0.028647 2.34941 1.02148 
940   -21545.8   -337.1331289 6 38 0.093058 0.082237 0.104491 0.003022 0.102630 0.027494 0.103055 12.9908 1.003 
960   -20631.3    566.8297362 64 74 0.064487 0.078633 0.037006 0.042581 0.042211 0.017166 0.094550 13.1395 1.02429 
980   -20781.4   -30.89285817 94 70 0.031713 0.077648 0.089999 0.066799 0.086296 0.023661 0.033798 14.1417 0.965917 
1000   -22015.8   -955.5933015 0 26 0.060920 0.108741 0.028114 0.067089 0.076254 0.074161 0.115314 20.413 0.970571 
1020   -22230.6    23.63599495 43 7 0.039015 0.080500 0.100949 0.099315 0.097871 0.069797 0.099844 1.1906 1.01593 
1040   -21209.6   -482.5102278 9 39 0.081900 0.057470 0.022160 0.071139 0.057251 0.099772 0.110750 3.82762 1.02251 
1060     -20762    217.9958106 79 54 0.042262 0.012866 0.047712 0.082455 0.052019 0.131860 0.090847 6.74487 1.00766 
1080   -20931.5    109.9734787 105 33 0.039123 0.098088 0.059600 0.106831 0.068732 0.123146 0.088396 9.83829 1.00418 
1100     -20856     287.098688 70 53 0.058286 0.054934 0.071312 0.074592 0.017375 0.070682 0.073269 1.21933 0.961337 
1120   -20876.1            inf 71 92 0.028140 0.098719 0.092386 0.127299 0.038832 0.073425 0.111925 0.12617 1.00221 
1140   -20744.2    172.9387901 80 38 0.077267 0.086161 0.024893 0.094148 0.068124 0.022317 0.028510 0.0360806 0.981814 
1160   -20721.6    335.0928201 39 3 0.033333 0.030441 0.120319 0.149309 0.118812 0.041597 0.067579 6.10693 0.979791 
1180   -20977.7      170.76453 78 74 0.105646 0.106003 0.029449 0.060676 0.031210 0.108465 0.055935 10.2033 1.03445 
1200   -21307.2    267.2485247 17 39 0.025608 0.068624 0.110020 0.090995 0.067096 0.147350 0.077804 0.747071 1.03916 
1220   -21005.9    -220.848713 124 61 0.083304 0.036481 0.106378 0.054545 0.113912 0.080256 0.101601 27.1543 0.997102 
1240   -20942.2   -254.7054381 48 57 0.043980 0.050772 0.087043 0.136749 0.130642 0.061223 0.083304 6.68854 1.02283 
1260   -20911.3   -74.94455071 41 22 0.121126 0.037035 0.135308 0.036954 0.091972 0.126846 0.102885 14.9747 0.999382 
1280   -20922.4    311.1069912 50 0 0.017563 0.067151 0.088179 0.109246 0.083677 0.111983 0.013730 0.182682 1.00368 
1300   -21701.3   -762.1573591 96 28 0.166383 0.026934 0.107095 0.056270 0.099640 0.058308 0.059451 12.0377 1.04828 
1320   -20780.5      220.44219 75 112 0.052025 0.022181 0.099545 0.113114 0.104640 0.058817 0.032402 9.58481 1.02101 
1340   -21010.3   -80.98961803 78 0 0.067968 0.045347 0.048716 0.067510 0.029053 0.025679 0.092756 6.84579 1.02915 
1360   -21156.2   -32.05198543 23 0 0.066235 0.094711 0.100419 0.145223 0.050460 0.102876 0.103877 1.10809 1.03607 
1380   -21163.6   -269.2237753 113 23 0.049158 0.097809 0.080654 0.080528 0.101211 0.057354 0.047973 1.91171 1.00785 
1400   -21051.1   -463.4098896 109 77 0.057942 0.089593 0.088811 0.043099 0.050528 0.082048 0.072364 5.29425 0.98052 
1420   -21435.2    -276.549211 70 123 0.025274 0.043252 0.043090 0.059551 0.062391 0.032976 0.075679 2.35367 1.03561 
1440     -20832   -54.11890977 7 77 0.054248 0.044520 0.047539 0.095563 0.075338 0.119333 0.068000 2.11331 1.03624 
1460   -20955.2   -266.1669384 39 26 0.093463 0.069314 0.017062 0.070452 0.067592 0.050519 0.110932 2.04518 1.0437 
1480   -20837.1   -58.04306603 55 43 0.046905 0.078434 0.075158 0.081259 0.007209 0.065725 0.011609 2.33561 1.00923 
1500   -21250.5   -146.3833291 116 83 0.007492 0.113314 0.094160 0.056883 0.028080 0.091368 0.104232 13.3728 1.02835 
1520   -21066.9    -79.6422461 50 123 0.079395 0.031710 0.135843 0.026965 0.018847 0.045400 0.120481 0.728739 0.953281 
1540   -21046.9    578.2217087 59 5 0.057321 0.100629 0.024458 0.022493 0.072558 0.106600 0.104037 17.3094 0.996352 
1560   -20848.3   -198.0975195 102 99 0.081823 0.113110 0.059502 0.016854 0.100761 0.027457 0.063528 3.50786 1.02289 
1580   -20710.7    1531.544046 3 49 0.089788 0.077674 0.061054 0.069797 0.075151 0.103050 0.181443 2.867 1.06346 
1600   -21538.1   -613.8720267 45 49 0.104498 0.048948 0.077554 0.053068 0.047821 0.044165 0.138109 12.4395 1.02377 
1620   -20716.4    104.5532397 82 39 0.045401 0.077248 0.078223 0.054760 0.032742 0.039254 0.047498 4.66864 0.996891 
1640   -21599.6   -805.0331523 74 48 0.110643 0.029723 0.102031 0.092163 0.051120 0.051500 0.108655 2.61117 1.01357 
1660   -20850.5   -431.2758635 110 22 0.113933 0.108615 0.143138 0.116025 0.048944 0.064447 0.147926 17.2557 0.955904 
1680       -inf           -inf 20 116 0.112519 0.091591 0.135913 0.068962 0.098907 0.052407 0.037163 12.3692 1.02832 
1700   -20914.2   -259.5678571 97 115 0.081503 0.099830 0.086473 0.055789 0.063744 0.080890 0.116460 2.14982 1.04668 
1720   -21126.8   -98.64342856 27 53 0.048919 0.067815 0.098303 0.027453 0.036539 0.105717 0.124852 13.4238 1.03834 
1740   -20829.7    92.82466925 121 23 0.081876 0.085953 0.024582 0.125429 0.059302 0.037601 0.070246 13.1654 1.05479 
1760   -21077.3   -177.8536621 28 57 0.117828 0.084357 0.050395 0.097582 0.035308 0.131105 0.066121 0.41109 1.01452 
1780   -20839.9     41.3506964 34 42 0.131655 0.042534 0.022705 0.098965 0.093354 0.074636 0.076049 7.74605 1.03285 
1800   -20694.3    214.2468523 63 91 0.040632 0.093699 0.121555 0.021635 0.041613 0.086995 0.036848 2.07794 1.01797 
1820   -21460.1   -964.1998945 5 58 0.066907 0.075180 0.090283 0.057122 0.089526 0.066389 0.066979 1.66998 1.08142 
1840   -20539.7            inf 119 62 0.049725 0.049933 0.063632 0.073426 0.069111 0.117133 0.055979 6.5152 0.980407 
1860   -20696.9    186.1559515 32 120 0.036826 0.138543 0.047080 0.105381 0.098720 0.128195 0.106073 16.1281 1.01222 
1880   -21334.4    76.74168012 46 108 0.075795 0.104034 0.047587 0.019152 0.079824 0.114536 0.154315 2.10613 1.02112 
1900   -20833.3            inf 47 15 0.103442 0.056126 0.086447 0.061964 0.046898 0.073041 0.065717 3.13438 1.00538 
1920   -21195.8    391.8824986 99 66 0.073951 0.078572 0.099405 0.010377 0.032378 0.084220 0.131948 0.863573 0.955259 
1940   -21516.5   -638.6916577 15 44 0.069786 0.046755 0.093160 0.151843 0.095389 0.069245 0.105440 1.5137 1.00774 
1960   -20836.8   -80.85478792 19 47 0.143512 0.004814 0.045804 0.082672 0.111285 0.044768 0.038266 5.2989 1.04538 
1980   -20881.8    335.8676155 79 11 0.093908 0.058194 0.067395 0.138999 0.083416 0.103687 0.062542 16.8304 1.00737 
2000   -21281.5   -557.0569473 79 54 0.102700 0.053838 0.096225 0.066246 0.058393 0.062590 0.025688 5.1295 1.01194 
2020     -21964   -1268.935345 97 41 0.053100 0.011496 0.040394 0.102884 0.038063 0.133545 0.078482 3.00803 0.995703 
2040   -20653.3    269.3260065 84 117 0.026006 0.035364 0.022095 0.052629 0.024585 0.073728 0.004080 3.78681 1.02193 
2060   -21449.2   -481.5645973 86 4 0.175587 0.095433 0.096485 0.128600 0.104415 0.159816 0.119344 5.43849 1.06778 
2080   -21101.8   -483.8535874 118 2 0.031478 0.019404 0.065479 0.105988 0.052568 0.021971 0.086119 1.11234 1.02455 
2100   -21207.9            inf 18 41 0.087473 0.057801 0.093394 0.048527 0.037127 0.081287 0.015367 10.39 1.03044 
2120   -20596.4    381.8499453 105 12 0.015571 0.081236 0.096000 0.057266 0.086994 0.148750 0.074851 0.621692 0.970449 
2140   -20788.5            inf 68 17 0.051753 0.057690 0.086788 0.132319 0.075582 0.032432 0.074303 0.740766 0.994437 
2160   -20882.8   -108.6754968 42 127 0.035437 0.138466 0.083889 0.055636 0.076644 0.077451 0.036560 14.7552 0.963696 
2180   -20768.1   -11.30622027 112 95 0.086413 0.043758 0.048715 0.109746 0.134438 0.081512 0.016427 17.6306 1.04266 
2200     -20666    923.4463151 79 111 0.142656 0.047725 0.075067 0.030229 0.073441 0.036546 0.108439 6.15387 0.98182 
2220   -21232.3   -507.6691987 14 3 0.064976 0.033140 0.043771 0.091662 0.084756 0.087654 0.086373 3.39829 0.950872 
2240   -21074.8   -481.7747111 98 122 0.021283 0.017016 0.116784 0.069234 0.139608 0.059959 0.033044 3.20201 1.0009 
2260   -20827.6    58.62364868 20 102 0.056895 0.082794 0.031766 0.060628 0.123709 0.094379 0.074931 4.14136 1.06649 
2280   -21002.8    322.3399255 80 120 0.075012 0.025881 0.058692 0.041066 0.079516 0.118297 0.127798 9.46597 0.967518 
2300   -20278.9    913.5670948 22 80 0.053250 0.063950 0.052427 0.049847 0.028898 0.060811 0.095731 8.24156 1.04537 
2320     -20961    1057.873036 94 71 0.060415 0.086219 0.118320 0.093790 0.127638 0.085256 0.047644 8.41081 0.9957 
2340   -20858.9   -294.5848525 47 83 0.073219 0.081776 0.076467 0.110686 0.119739 0.107962 0.068461 3.23361 1.01698 
2360   -21071.5   -609.3510641 28 28 0.073827 0.034654 0.066099 0.026033 0.022768 0.091867 0.087746 1.50076 1.00915 
2380     -20583   -134.0550411 126 35 0.056548 0.091426 0.073367 0.074685 0.121784 0.157512 0.108648 12.0998 1.01957 
2400   -20774.1     283.159596 92 35 0.024436 0.032989 0.107289 0.038736 0.043176 0.028139 0.067544 8.3993 1.02352 
2420   -21232.9   -263.2049383 112 38 0.128006 0.099861 0.036872 0.115081 0.107112 0.081656 0.028486 10.7326 0.999962 
2440   -20764.8    66.29860509 11 101 0.162837 0.069279 0.085739 0.079541 0.087478 0.143134 0.040180 5.38888 1.05535 
2460   -20924.7    144.3606478 47 67 0.086887 0.160264 0.031263 0.064538 0.057996 0.087854 0.078136 3.42361 1.01502 
2480   -21002.3            inf 113 2 0.117033 0.043615 0.068853 0.093008 0.066315 0.069873 0.114313 2.34389 1.02186 
2500   -21130.9     470.853769 87 126 0.020578 0.078337 0.117608 0.061111 0.017966 0.043751 0.100341 10.3188 0.998807 
2520   -20631.5    156.8096164 87 87 0.068018 0.053168 0.101464 0.075748 0.097076 0.043424 0.080675 3.70114 1.0146 
2540   -20912.6    37.43387988 57 2 0.037771 0.053010 0.065386 0.119794 0.067871 0.080786 0.107851 5.16341 1.01943 
2560   -20772.9    -215.990024 67 109 0.027271 0.035224 0.121626 0.033326 0.047833 0.094257 0.107851 10.4916 1.0373 
2580   -20933.4   -77.29276095 12 78 0.077366 0.121950 0.051487 0.114930 0.061535 0.031808 0.073702 3.855 1.00937 
2600   -20734.4            inf 111 71 0.120957 0.066803 0.050792 0.099618 0.082316 0.069079 0.117532 0.329569 0.992584 
2620   -21348.5   -909.0637853 17 58 0.147296 0.029622 0.083619 0.133608 0.069709 0.073829 0.032993 3.37059 1.00495 
2640   -21178.9   -415.0943884 38 6 0.111074 0.072577 0.127814 0.021379 0.087896 0.143972 0.126263 12.3005 1.0041 
2660   -20888.9   -95.89766567 32 35 0.024202 0.031739 0.065486 0.049743 0.032076 0.040829 0.109287 5.25585 1.03512 
2680   -20882.9    187.2297625 79 33 0.133594 0.032853 0.053741 0.033488 0.056382 0.119658 0.110171 16.5924 1.01912 
2700   -21002.9   -208.2470345 9 20 0.098181 0.076389 0.078682 0.120306 0.038667 0.049911 0.117206 4.77198 0.943228 
2720   -21065.7   -404.8896672 119 8 0.108868 0.093041 0.068019 0.048313 0.045112 0.120156 0.086071 8.24335 1.03397 
2740   -20780.1    432.5031231 2 101 0.037333 0.099332 0.009408 0.025330 0.087994 0.086984 0.057702 15.1864 1.00333 
2760   -20872.3    36.52386501 79 77 0.089846 0.043021 0.006785 0.073590 0.089087 0.050501 0.104200 16.0971 0.940842 
2780   -21121.3   -139.7875485 57 90 0.110208 0.046959 0.081886 0.144555 0.071031 0.038739 0.006228 7.30442 1.02992 
2800   -21108.4     167.126864 48 104 0.101120 0.090077 0.095846 0.056527 0.059294 0.022641 0.105466 22.0165 1.00044 
2820       -inf           -inf 34 81 0.104184 0.048083 0.053569 0.117853 0.063818 0.065368 0.045927 7.0823 0.978693 
2840   -20890.8   -98.80886483 75 99 0.027635 0.096506 0.060419 0.070045 0.094233 0.058556 0.097340 13.6917 0.98374 
2860     -20750   -5.948899943 119 19 0.053025 0.055056 0.052804 0.076920 0.009011 0.099181 0.113207 11.1621 0.998815 
2880     -20886   -130.6465086 47 107 0.151385 0.063319 0.105727 0.096347 0.059443 0.036984 0.107493 10.274 0.987391 
2900   -20953.6   -10.97886886 4 82 0.059313 0.096615 0.112421 0.088079 0.123831 0.069781 0.056936 3.84227 0.99408 
2920   -21526.7   -317.9291598 95 29 0.069664 0.065851 0.104770 0.014708 0.051563 0.052928 0.060650 7.3331 1.06518 
2940   -20955.6    294.4167929 117 44 0.157143 0.115018 0.041950 0.030914 0.043060 0.127789 0.132321 0.396002 1.0011 
2960   -20728.9    260.7937046 87 24 0.062900 0.083584 0.055268 0.064548 0.128159 0.111865 0.114002 2.49814 1.04192 
2980   -21354.4   -299.7674512 26 15 0.065681 0.025592 0.086568 0.047079 0.039053 0.042448 0.119609 3.16177 0.998248 
3000   -21210.5    576.0633674 39 38 0.074269 0.043695 0.070928 0.099786 0.121503 0.085220 0.030706 8.16814 1.00588 
3020   -20966.9    -14.7618529 115 11 0.039616 0.045786 0.054156 0.083233 0.028354 0.051854 0.083429 14.5972 0.989689 
3040       -inf           -inf 7 61 0.068568 0.046437 0.062706 0.139031 0.150595 0.012917 0.051444 6.13313 0.955169 
3060   -21968.6    1.185370026 59 6 0.073177 0.035866 0.008065 0.061374 0.068574 0.130033 0.046435 1.30906 1.01323 
3080   -20819.9    290.1372044 122 64 0.083948 0.081514 0.131702 0.046726 0.057000 0.092248 0.043242 12.8006 0.96599 
3100   -21541.8   -643.0667681 21 126 0.162642 0.048920 0.032661 0.066459 0.111091 0.105863 0.075859 0.276496 0.975167 
3120   -20756.2    274.9806114 68 54 0.071045 0.078070 0.077818 0.028989 0.150036 0.125575 0.042671 8.60441 1.00305 
3140   -20645.8    462.1383491 100 119 0.035824 0.106345 0.062850 0.103238 0.058462 0.057309 0.063768 9.80881 0.998485 
3160       -inf           -inf 111 116 0.117199 0.103969 0.094600 0.051255 0.152671 0.087241 0.081807 6.39593 0.999979 
3180   -21379.6   -172.1907174 102 32 0.052668 0.075461 0.077002 0.049827 0.076644 0.066013 0.123296 4.34509 1.02453 
3200   -21305.2   -588.8924695 33 1 0.102363 0.034556 0.020478 0.061806 0.052528 0.059042 0.102781 1.54592 1.01092 
3220   -20699.9    970.0876372 42 9 0.057636 0.068103 0.074341 0.093818 0.106915 0.114603 0.109699 7.3459 0.992165 
3240   -21204.7            inf 40 68 0.071451 0.082606 0.093221 0.056193 0.062157 0.126236 0.091677 7.91195 1.05129 
3260   -20432.6    483.4145502 15 63 0.016273 0.096882 0.041813 0.036992 0.119343 0.089198 0.045857 2.14694 0.993175 
3280   -20817.9   -47.22326203 17 10 0.129373 0.031290 0.089379 0.022842 0.078336 0.034816 0.033206 3.9603 1.03389 
3300   -21406.6    94.14166723 16 42 0.048130 0.070933 0.118787 0.046157 0.078197 0.042820 0.050990 5.85837 0.961186 
3320   -20682.6    356.3010128 49 28 0.061207 0.148436 0.080827 0.058910 0.079819 0.038192 0.037464 1.5182 0.991252 
3340   -20795.5    173.4793605 65 38 0.088858 0.066663 0.086384 0.121517 0.096127 0.062196 0.107255 7.91521 0.996766 
3360     -21334   -387.3292366 102 89 0.036231 0.044068 0.024592 0.072800 0.029326 0.062553 0.113960 3.02173 0.938389 
3380   -21220.4   -540.6102003 61 43 0.043963 0.102702 0.113306 0.014561 0.049740 0.071315 0.108627 12.3161 1.04094 
3400   -21111.5     -413.29313 8 99 0.054042 0.049423 0.044395 0.081457 0.065725 0.151440 0.099502 1.13758 1.04143 
3420     -21123   -243.0143498 44 126 0.054097 0.120598 0.068198 0.086647 0.043016 0.054419 0.097047 6.28078 1.0035 
3440   -20957.8    135.5291243 118 92 0.065479 0.096352 0.024444 0.061810 0.013620 0.056854 0.093622 3.63456 0.999062 
3460   -20738.7     501.830776 109 108 0.056606 0.106445 0.064229 0.076945 0.055254 0.114495 0.134199 0.430557 0.99826 
3480   -21222.6   -242.0605815 72 105 0.107184 0.052477 0.102022 0.065437 0.097712 0.065071 0.075404 7.43234 1.0068 
3500   -20999.2    56.79935568 118 110 0.098763 0.092904 0.072226 0.036399 0.111328 0.109372 0.076545 1.95169 1.02228 
3520     -20904   -262.5046732 66 28 0.081139 0.052779 0.135802 0.045664 0.077799 0.018794 0.064833 5.48156 1.02429 
3540   -21376.2   -377.5856619 105 66 0.053323 0.125853 0.053292 0.010469 0.094883 0.094056 0.051981 13.5534 1.02118 
3560   -21038.2    439.4457454 71 24 0.011824 0.045259 0.130810 0.070112 0.136381 0.109186 0.142642 3.38764 1.01932 
3580   -20840.6    480.0389751 39 64 0.058476 0.031317 0.114269 0.059929 0.123257 0.077621 0.042069 6.21348 0.995991 
3600     -20923    454.4085678 119 52 0.091894 0.063264 0.119266 0.057971 0.069064 0.100983 0.013377 3.80976 1.01502 