#
# Code will run in posterior sampling mode.
#
# A scale parameter will be fit to the bkg model.
#
# The total number of Gibbs draws is 3600, every 20th draws will be saved.
#
# The model will be fit using the Multi Scale Prior.
#
# The data matrix is 128 by 128.
#
# The data file should contain a  2^7 by 2^7 matrix of counts.
#
# Starting Values for the smoothing parameter (alpha):
# Aggregation Level:  0,   alpha: 0.3 (Full Data)
# Aggregation Level:  1,   alpha: 0.4
# Aggregation Level:  2,   alpha: 0.5
# Aggregation Level:  3,   alpha: 0.6
# Aggregation Level:  4,   alpha: 0.7
# Aggregation Level:  5,   alpha: 0.8
# Aggregation Level:  6,   alpha: 0.9  (In the 2x2 table)
#
# The prior distribution on the total count from the multiscale component is
# Gamma(1.000000, 0.050000).
#
# The hyper-prior smoothing parameter (kappa 2) is 1000.
#
iteration logPost stepSize cycleSpinRow cycleSpinCol smoothingParam0 smoothingParam1 smoothingParam2 smoothingParam3 smoothingParam4 smoothingParam5 smoothingParam6 expectedMSCounts bkgScale 
20   -20294.8    44.51242149 106 66 0.029120 0.031341 0.055708 0.126766 0.122172 0.142982 0.109419 75.3883 0.884993 
40   -20780.6   -297.7941943 6 15 0.027194 0.076478 0.049394 0.113240 0.040892 0.122073 0.136367 34.4074 0.90023 
60   -20452.3    331.0651215 42 1 0.059240 0.137599 0.029739 0.049917 0.068616 0.120082 0.085999 16.4146 0.902369 
80   -20892.9            inf 7 16 0.035751 0.060961 0.096806 0.062691 0.128838 0.064443 0.088936 16.3037 0.955033 
100   -20181.6            inf 39 3 0.077532 0.023027 0.051612 0.033336 0.079091 0.072573 0.056224 12.7017 0.924486 
120   -20949.4   -100.8735418 87 116 0.050027 0.115449 0.119826 0.098955 0.085202 0.085392 0.068725 26.6763 0.932061 
140   -20386.3    306.3040643 83 25 0.046972 0.050130 0.040246 0.093211 0.063266 0.062869 0.126904 22.7021 0.874359 
160   -20554.4     82.8345123 46 84 0.080965 0.083155 0.051749 0.061994 0.087135 0.062136 0.080097 16.0064 0.918251 
180   -20639.6    457.1863881 121 109 0.116718 0.105821 0.043520 0.067004 0.043929 0.090345 0.085610 32.2331 0.901529 
200   -20690.7    -325.384242 96 11 0.046909 0.062437 0.033210 0.058532 0.110366 0.104556 0.133008 18.2281 0.909685 
220     -20929   -335.6603768 82 70 0.026696 0.006095 0.002422 0.071671 0.120661 0.089210 0.094896 21.0672 0.959443 
240   -20657.5   -168.6550888 91 23 0.107057 0.054706 0.037315 0.055120 0.064090 0.054850 0.110911 11.2015 0.908392 
260       -inf           -inf 20 37 0.106032 0.060590 0.092204 0.089869 0.152214 0.106064 0.098863 6.27827 0.949198 
280     -20548    517.8845508 18 43 0.058506 0.075708 0.097991 0.038844 0.104736 0.040064 0.034533 9.02837 0.951339 
300   -21061.8    77.30414389 66 95 0.085870 0.093779 0.050835 0.063000 0.030492 0.117045 0.104075 22.1676 0.972635 
320   -21048.9   -697.5382238 18 104 0.025070 0.091602 0.091545 0.041938 0.080205 0.019344 0.050776 11.8132 0.942874 
340       -inf           -inf 3 39 0.022281 0.103586 0.088488 0.120010 0.036811 0.095343 0.057470 12.3689 0.910583 
360   -20885.2   -471.5996121 113 99 0.067678 0.121091 0.092042 0.080330 0.068799 0.057414 0.076732 16.8882 0.90157 
380   -20564.2    134.5740412 58 64 0.064112 0.091170 0.095225 0.011500 0.064103 0.138591 0.104392 14.4841 0.957283 
400   -20362.8   -169.5521702 92 101 0.066810 0.037646 0.121980 0.103703 0.050937 0.064881 0.052202 7.52524 0.982857 
420   -20700.1            inf 106 55 0.072766 0.075449 0.064026 0.083545 0.133621 0.030836 0.035809 3.9472 0.970838 
440   -20638.9    108.1730416 116 53 0.032370 0.143017 0.132275 0.092995 0.063506 0.094178 0.050407 9.28991 0.964613 
460   -21075.8   -423.0773858 36 72 0.122749 0.097262 0.018360 0.086241 0.060240 0.084758 0.035622 15.0602 0.936258 
480   -20934.9    -346.241606 108 60 0.182574 0.042831 0.132389 0.028750 0.131816 0.092904 0.123031 15.9208 0.917897 
500   -20504.9    161.1448149 79 111 0.048096 0.043024 0.023703 0.031007 0.089370 0.080698 0.076578 10.8546 0.999824 
520   -21111.7   -115.4445491 2 88 0.041636 0.099580 0.082850 0.125875 0.120698 0.070313 0.083884 17.7748 0.938916 
540   -20708.9   -331.0288087 15 110 0.108407 0.034444 0.043959 0.061211 0.075757 0.054128 0.072096 9.80118 0.917518 
560   -20760.2    187.2736559 54 20 0.071034 0.022701 0.053355 0.035427 0.059510 0.131773 0.098142 22.7222 0.942336 
580   -20576.7     47.4435543 33 91 0.039657 0.022250 0.033641 0.090059 0.090954 0.054090 0.116342 12.5422 0.976271 
600   -20679.1    125.8362618 28 40 0.060942 0.028374 0.087831 0.020533 0.142361 0.075254 0.090160 13.67 0.89486 
620   -20415.7            inf 112 30 0.031906 0.019675 0.077157 0.139638 0.060784 0.084290 0.102084 8.56303 0.876429 
640   -20576.1    31.07846904 62 52 0.051329 0.011794 0.065081 0.028455 0.052541 0.053375 0.166990 26.6912 0.880107 
660     -20820   -344.8705369 99 77 0.096212 0.088992 0.053555 0.084508 0.122492 0.060447 0.035066 7.07103 0.954534 
680   -20981.3   -154.8707727 43 116 0.099122 0.077373 0.020982 0.071482 0.088094 0.062871 0.093631 12.1795 0.940954 
700   -20349.8    238.6553232 39 14 0.060344 0.089187 0.083354 0.015066 0.033111 0.053690 0.083398 21.2631 0.912599 
720     -20803            inf 103 56 0.057865 0.051458 0.023665 0.033219 0.069481 0.144058 0.072646 7.91652 0.949858 
740   -21245.2   -514.5220667 88 8 0.100647 0.039595 0.102807 0.072716 0.089109 0.069678 0.054943 7.73412 0.95329 
760   -20126.4    661.1873043 4 113 0.114443 0.009714 0.045212 0.103793 0.045630 0.116022 0.019865 6.24741 0.913916 
780   -20760.8            inf 103 105 0.054334 0.071467 0.107607 0.026592 0.063426 0.043363 0.110628 19.4939 0.930323 
800   -20722.8    6.978924384 116 7 0.066114 0.065622 0.079811 0.052685 0.093101 0.045607 0.096311 27.3315 0.909802 
820   -20469.5            inf 109 21 0.069695 0.047279 0.048231 0.059164 0.035867 0.126720 0.113490 12.012 0.920058 
840   -20589.5    131.4870422 91 43 0.120788 0.080614 0.032317 0.092470 0.099493 0.021103 0.080650 18.3 0.947077 
860   -21649.8   -1157.727901 17 37 0.042951 0.030022 0.110084 0.128963 0.048851 0.086843 0.118718 16.881 0.931359 
880   -21193.6   -473.7895154 55 78 0.100754 0.148445 0.082577 0.088510 0.076317 0.080037 0.120054 9.13158 0.923855 
900   -20790.7    661.2131642 75 30 0.119161 0.084599 0.066767 0.081604 0.126442 0.035865 0.119232 0.715356 0.969587 
920   -20613.8   -89.55292294 124 9 0.094687 0.123677 0.073559 0.038079 0.119241 0.061121 0.118041 2.40611 0.970801 
940   -20339.1    184.6690924 13 108 0.129458 0.101403 0.086320 0.085976 0.153929 0.078377 0.117771 4.50703 0.943048 
960   -20489.9    54.58446772 38 107 0.126526 0.121152 0.060410 0.079471 0.077753 0.079096 0.078366 7.23625 0.961284 
980   -20937.4    767.3736181 6 71 0.111126 0.082720 0.106056 0.093441 0.099805 0.131039 0.105749 11.8706 0.947298 
1000   -20901.2   -56.07515498 106 81 0.088961 0.022405 0.065643 0.091425 0.112967 0.059473 0.080415 0.216638 0.983434 
1020   -21696.9    3.068820143 106 18 0.073298 0.115303 0.034518 0.060399 0.124204 0.070416 0.035384 0.280742 0.970974 
1040   -20549.8    20.14089197 14 117 0.023748 0.034559 0.041000 0.121003 0.064559 0.165623 0.045151 11.7878 0.966206 
1060   -20683.8   -230.7895851 39 23 0.116622 0.071722 0.020184 0.015135 0.064745 0.137241 0.107964 4.21719 0.942501 
1080   -21287.8   -288.6438487 33 62 0.026213 0.089065 0.096183 0.095511 0.049891 0.066906 0.034761 4.09257 0.922998 
1100   -21316.8    -785.469777 57 1 0.113010 0.041724 0.098305 0.071350 0.050645 0.114565 0.085689 10.4008 0.94193 
1120   -20807.9    2.597093617 23 119 0.111539 0.048721 0.040683 0.073397 0.053103 0.018609 0.099096 1.35285 0.962197 
1140     -20330    396.3890569 116 51 0.081602 0.105361 0.042161 0.079394 0.092294 0.039741 0.107365 0.295873 0.936363 
1160   -21252.3            inf 46 57 0.097582 0.100532 0.063898 0.094148 0.125301 0.036511 0.052623 4.58705 0.981899 
1180       -inf           -inf 94 100 0.137348 0.018606 0.107657 0.035766 0.079101 0.025432 0.076825 5.81645 0.960609 
1200   -21396.6    -789.608843 105 82 0.060378 0.045673 0.068593 0.036770 0.077612 0.153106 0.053576 10.6488 0.953665 
1220       -inf            nan 13 19 0.017687 0.073173 0.045120 0.110619 0.070772 0.024364 0.080965 6.58271 0.930913 
1240   -20719.5   -36.19788913 31 19 0.029363 0.127629 0.030755 0.057395 0.060967 0.086547 0.041061 4.99503 0.933332 
1260   -20971.4    267.1850976 50 97 0.061133 0.147337 0.062598 0.112393 0.101451 0.078029 0.045512 0.747527 0.978076 
1280     -21619   -1088.081337 17 118 0.114881 0.141674 0.094989 0.092561 0.048830 0.089050 0.014365 2.56678 0.905104 
1300   -20584.7    364.7132119 112 60 0.093383 0.083404 0.091189 0.060828 0.051042 0.049624 0.090804 0.512499 0.91496 
1320   -20451.9   -308.9999195 102 8 0.057649 0.057070 0.042279 0.033898 0.061126 0.152248 0.088590 0.367187 0.97109 
1340   -20434.9    831.6489978 77 74 0.099286 0.036294 0.063705 0.044553 0.100655 0.102613 0.063103 4.53483 0.92674 
1360   -20805.7   -77.45287454 52 20 0.065133 0.094149 0.038217 0.033052 0.055967 0.086887 0.058668 1.89737 1.00312 
1380   -21407.2   -940.3520502 81 109 0.078174 0.019979 0.081277 0.122989 0.034322 0.070959 0.106705 2.14172 0.964277 
1400   -20517.3   -156.3871727 99 30 0.021541 0.109917 0.092331 0.036136 0.052738 0.073323 0.076400 3.51469 0.935497 
1420   -20611.9   -25.15553599 24 79 0.017090 0.050968 0.088785 0.049504 0.083506 0.096105 0.063958 4.0028 0.961509 
1440   -21044.5    53.03523537 45 61 0.060409 0.050479 0.067473 0.093095 0.111230 0.060212 0.063577 4.5638 0.93501 
1460   -20635.7   -653.5296435 116 19 0.077979 0.006777 0.082562 0.077046 0.100123 0.122397 0.066845 15.3102 0.943118 
1480   -20857.6    103.4640005 78 65 0.063024 0.138180 0.022007 0.128444 0.055877 0.035716 0.122273 16.5836 0.890743 
1500   -20525.9    -23.3089284 114 0 0.082943 0.105843 0.108044 0.061848 0.132410 0.043708 0.056559 12.7122 0.92111 
1520     -20817            inf 17 16 0.070183 0.038973 0.086672 0.126723 0.044969 0.072092 0.097582 23.2495 0.948679 
1540   -20604.8    466.1615756 83 78 0.091734 0.129079 0.007081 0.053786 0.053737 0.058753 0.019341 7.44933 0.92659 
1560   -20629.8    353.8391764 15 119 0.136150 0.036180 0.081016 0.074983 0.116224 0.046612 0.073070 7.46592 0.993594 
1580   -20659.1    100.2954124 32 50 0.014708 0.077562 0.058889 0.083584 0.127508 0.081509 0.104084 6.49555 0.922601 
1600   -20621.2     236.314349 51 76 0.009754 0.104684 0.109499 0.086278 0.055335 0.103669 0.076166 6.33512 0.953498 
1620   -20807.3    443.5230238 80 13 0.020519 0.085343 0.139684 0.124399 0.041373 0.076249 0.017634 11.3115 0.959605 
1640   -20439.5    196.6159013 89 102 0.035974 0.052688 0.034639 0.044918 0.039269 0.018671 0.088351 7.75065 0.93059 
1660   -20781.1   -113.9076307 109 76 0.102686 0.021875 0.032908 0.068937 0.029703 0.071881 0.114537 8.45724 0.979282 
1680   -20145.3    461.5484048 4 83 0.041528 0.038840 0.005017 0.118628 0.035194 0.044702 0.111621 10.6498 0.918634 
1700   -20382.3            inf 76 22 0.020157 0.144586 0.119827 0.131079 0.106647 0.082958 0.124790 15.4248 0.898455 
1720       -inf           -inf 47 80 0.140360 0.050520 0.033264 0.065691 0.062010 0.064830 0.127029 8.65396 0.927487 
1740   -20758.8            inf 101 25 0.074125 0.079467 0.066854 0.061550 0.129231 0.117874 0.098122 7.48247 0.902712 
1760   -20555.3    -144.020628 89 107 0.090006 0.081756 0.100708 0.107634 0.045500 0.063790 0.109834 11.5461 0.967733 
1780   -21271.2   -362.8658858 12 99 0.022980 0.054363 0.067340 0.048448 0.048958 0.035181 0.090289 4.22961 0.934729 
1800   -20466.5            inf 60 16 0.118960 0.088967 0.051465 0.041961 0.004592 0.103950 0.058327 9.05841 0.934303 
1820       -inf           -inf 111 0 0.122946 0.044056 0.113345 0.127620 0.063223 0.119810 0.085501 16.414 0.857082 
1840   -20945.6   -210.6964272 21 126 0.086782 0.142789 0.094812 0.059778 0.119936 0.024971 0.076077 13.1109 0.925298 
1860   -20317.3   -48.03895183 83 101 0.035752 0.021051 0.063082 0.100119 0.109699 0.087984 0.079567 27.5971 0.931853 
1880     -20437    133.6163215 85 7 0.027894 0.061636 0.138799 0.025868 0.053107 0.111815 0.103342 14.5833 0.979964 
1900   -20659.3    266.1273237 46 120 0.098186 0.056245 0.105414 0.037647 0.069030 0.068878 0.046057 9.15559 0.922829 
1920     -20617    197.4882063 35 127 0.132983 0.039321 0.036864 0.055420 0.054935 0.043160 0.026828 6.41775 0.959366 
1940   -21035.2   -278.1808957 85 6 0.090762 0.120055 0.076622 0.000342 0.058146 0.071736 0.054635 20.9216 0.882063 
1960   -20519.1   -13.03026418 85 46 0.083099 0.063763 0.098100 0.038349 0.097119 0.064576 0.080364 6.64413 0.918269 
1980   -20786.5   -303.7704907 81 72 0.037089 0.132718 0.082613 0.151001 0.118042 0.097300 0.048527 12.1261 0.947429 
2000   -20769.8   -142.0466892 13 85 0.073921 0.135499 0.062151 0.081377 0.105051 0.053208 0.090787 4.90632 0.974711 
2020       -inf           -inf 102 35 0.086708 0.034239 0.104311 0.048740 0.124154 0.110804 0.100846 2.02231 0.974853 
2040   -20437.5    326.5066774 65 114 0.084563 0.079788 0.045511 0.048062 0.102730 0.032826 0.069588 13.7867 0.917784 
2060   -20420.5    318.3237285 116 20 0.074917 0.099658 0.077734 0.085825 0.097687 0.074498 0.081248 0.467864 0.928598 
2080     -20611    134.1438332 21 7 0.087276 0.029011 0.005643 0.052128 0.015879 0.049161 0.048798 3.80486 0.920057 
2100   -20576.2    235.8975673 95 43 0.086462 0.135230 0.053862 0.055011 0.070423 0.034339 0.134113 2.4569 0.91639 
2120   -20675.4   -178.6098545 23 110 0.078021 0.099815 0.080109 0.140273 0.010005 0.030706 0.102976 3.18994 0.919993 
2140   -20846.7   -15.64786428 99 58 0.105083 0.059057 0.045914 0.089438 0.125151 0.096310 0.099854 14.9542 0.97868 
2160   -20685.3    259.2949188 114 41 0.082089 0.071631 0.035650 0.058337 0.047070 0.026231 0.157224 2.2994 0.941127 
2180   -21335.5            inf 6 81 0.037132 0.112707 0.011506 0.072697 0.061314 0.108514 0.032202 2.66383 0.919978 
2200   -20228.6    884.2575993 15 97 0.076088 0.082401 0.054708 0.031202 0.060723 0.073893 0.073642 1.09015 0.939073 
2220   -20845.8   -118.9266829 11 38 0.048798 0.043601 0.077114 0.125439 0.107931 0.051007 0.119386 1.83937 0.970289 
2240   -20784.6    343.0315899 121 56 0.055487 0.090883 0.098453 0.040742 0.045481 0.019628 0.072456 3.16405 0.933768 
2260   -20261.7    185.4222221 7 7 0.099149 0.065126 0.136907 0.076638 0.079033 0.102996 0.059692 16.979 0.882723 
2280   -20647.4    546.0935316 15 43 0.069546 0.059842 0.013948 0.078534 0.023433 0.077485 0.038954 8.43077 0.949729 
2300   -20746.1   -66.26369905 16 76 0.117929 0.005685 0.106232 0.106820 0.145667 0.111064 0.043372 15.1007 0.934164 
2320   -20374.6    649.7349092 82 127 0.075146 0.052117 0.075760 0.107412 0.064260 0.088939 0.080079 1.94242 0.873452 
2340   -20652.4    194.2917568 11 22 0.097331 0.096900 0.061443 0.113332 0.017771 0.035373 0.035758 4.33538 0.932655 
2360   -21207.5   -185.0873555 97 31 0.130190 0.012518 0.005205 0.069089 0.087286 0.020297 0.111823 4.68023 0.917605 
2380   -20611.4    485.5868634 97 21 0.083086 0.129295 0.065800 0.099221 0.104553 0.062487 0.109698 10.9503 0.971056 
2400   -20267.2    424.1205848 25 11 0.053962 0.047094 0.078605 0.027142 0.045494 0.071910 0.128610 2.02414 0.993645 
2420   -20704.3   -215.3900512 57 41 0.079087 0.086141 0.051304 0.052707 0.080818 0.081366 0.064062 2.0322 0.935737 
2440   -20551.4            inf 125 106 0.150209 0.091380 0.041209 0.064897 0.061054 0.043174 0.071890 1.20788 0.917802 
2460   -21074.2   -398.7743765 65 73 0.131182 0.029347 0.087442 0.089659 0.105783 0.068755 0.081434 9.07784 0.93979 
2480       -inf           -inf 1 91 0.082450 0.047783 0.111987 0.018715 0.053118 0.093783 0.079093 1.83791 0.957885 
2500   -21234.5   -754.0694278 68 104 0.100067 0.111460 0.030420 0.116895 0.069888 0.090700 0.129110 20.9372 0.943153 
2520     -20326     94.8417648 78 62 0.072523 0.074896 0.099780 0.045846 0.041152 0.103876 0.131229 9.66505 0.909456 
2540   -20254.6    34.56820094 118 31 0.103982 0.050930 0.076543 0.059618 0.134707 0.093531 0.093450 20.9195 0.969245 
2560   -20766.6   -82.22674359 29 65 0.023387 0.055892 0.057764 0.100260 0.056548 0.062140 0.084698 11.3657 0.939297 
2580   -20697.5    591.0322377 5 76 0.096635 0.087036 0.066413 0.102354 0.021552 0.037692 0.063850 0.602616 0.884224 
2600   -21091.8   -226.4574147 109 91 0.042298 0.085953 0.126490 0.022977 0.076623 0.021320 0.026914 6.92211 0.953042 
2620   -20619.2    46.46635534 120 36 0.079685 0.066635 0.021637 0.074354 0.066601 0.118512 0.092275 2.36682 0.946913 
2640   -20810.8   -122.1721435 47 121 0.080421 0.099048 0.113465 0.028844 0.034029 0.106486 0.069652 0.742308 0.909241 
2660   -20873.4    360.3992492 101 78 0.058984 0.081970 0.029193 0.052046 0.046167 0.077198 0.086003 11.2807 0.986503 
2680   -20950.5   -375.7570262 122 68 0.035646 0.057920 0.066022 0.074592 0.113978 0.035368 0.049931 8.56803 0.952713 
2700   -20560.3    50.09579158 72 70 0.072200 0.125854 0.041322 0.072859 0.096477 0.138191 0.037813 12.2148 0.926608 
2720       -inf            nan 47 29 0.075046 0.065331 0.045534 0.052497 0.029897 0.053725 0.129507 18.4743 0.972431 
2740   -21035.1            inf 100 49 0.091773 0.127544 0.093558 0.067494 0.082731 0.075790 0.035071 7.82523 0.924193 
2760       -inf           -inf 88 127 0.060340 0.073248 0.094475 0.119007 0.042456 0.131231 0.061212 11.1279 0.924594 
2780   -21132.3   -246.6331068 58 85 0.100626 0.096640 0.111237 0.121566 0.133830 0.057749 0.046416 8.13182 0.976311 
2800   -20859.9   -375.8463857 40 43 0.106961 0.043014 0.034822 0.089459 0.039494 0.029189 0.060733 10.9027 0.952402 
2820     -21120   -720.0267668 92 74 0.018054 0.161462 0.082449 0.071148 0.085528 0.100323 0.086246 7.73301 0.893442 
2840   -21807.6   -725.4201925 103 1 0.079800 0.095962 0.086173 0.009486 0.036442 0.068047 0.035835 6.05374 0.947237 
2860       -inf           -inf 109 23 0.089575 0.109997 0.077233 0.070377 0.089106 0.084130 0.146289 15.577 0.961665 
2880   -20823.5   -227.7110157 60 28 0.098696 0.068563 0.151439 0.119125 0.113540 0.121448 0.034273 8.69444 0.958102 
2900   -20815.5    28.84750815 102 62 0.091231 0.032851 0.121438 0.068491 0.098888 0.069104 0.093899 17.2843 0.93976 
2920   -20588.8   -29.87772139 80 53 0.041609 0.122688 0.081252 0.117276 0.086556 0.139659 0.014103 13.0506 0.969752 
2940       -inf           -inf 20 120 0.104760 0.105000 0.084715 0.051952 0.061510 0.069421 0.111663 15.0807 0.981024 
2960   -20539.2    158.7976706 63 53 0.056182 0.116368 0.123517 0.040926 0.050112 0.125801 0.086767 0.104416 0.951847 
2980   -20525.5    439.7145468 51 11 0.065024 0.096948 0.106103 0.028693 0.068856 0.063771 0.088009 8.82833 0.948791 
3000   -20690.9   -180.6531716 32 45 0.084893 0.103775 0.096297 0.035854 0.037357 0.048848 0.042998 1.34912 0.950409 
3020   -20842.2   -89.81493852 99 56 0.049885 0.075480 0.097475 0.081449 0.025321 0.068097 0.130188 2.55574 0.920686 
3040   -20897.4   -131.8713458 44 56 0.120102 0.046801 0.069724 0.098180 0.105791 0.070520 0.069592 2.5086 0.942939 
3060   -20817.5    214.4340077 60 19 0.089100 0.071370 0.065234 0.054291 0.073167 0.061981 0.055616 2.79276 0.943471 
3080   -20587.6   -379.8500827 1 83 0.038084 0.098453 0.096500 0.131959 0.066336 0.037752 0.100259 2.38494 0.980595 
3100   -20840.9   -81.69879533 71 47 0.066313 0.072234 0.092099 0.056359 0.033128 0.137370 0.120175 4.49802 0.933155 
3120   -20342.3    847.5122747 37 32 0.125370 0.037360 0.115084 0.074339 0.076973 0.032738 0.052377 0.694091 0.935017 
3140   -20937.7   -258.8301492 126 59 0.084206 0.018682 0.133305 0.027839 0.082928 0.095965 0.079840 6.46217 0.940403 
3160   -20311.1     288.752697 83 110 0.036110 0.020444 0.080411 0.038212 0.101591 0.088344 0.086459 6.09209 0.928807 
3180   -20406.1    431.8555139 75 90 0.061563 0.069341 0.091769 0.114572 0.107592 0.105251 0.093675 4.45877 0.937526 
3200       -inf           -inf 8 42 0.086433 0.054915 0.115833 0.069595 0.100621 0.012495 0.082700 13.1861 0.987902 
3220   -20516.8    213.8472652 4 121 0.053491 0.105468 0.073307 0.130456 0.087149 0.081145 0.061729 12.2311 0.941824 
3240   -20970.3   -87.89401662 115 13 0.081316 0.114040 0.097498 0.018267 0.041248 0.017043 0.142185 6.69839 0.944533 
3260   -21185.7   -335.2274766 54 32 0.031103 0.129025 0.065062 0.064490 0.042258 0.096950 0.122830 12.5295 0.883536 
3280   -20289.3    665.2994342 82 105 0.113573 0.037913 0.074401 0.062043 0.052105 0.105160 0.078697 28.0434 0.93807 
3300   -20870.5   -92.37319534 42 60 0.098172 0.115636 0.107682 0.004843 0.062292 0.103944 0.047604 14.299 0.975406 
3320   -20832.5   -340.2256297 60 116 0.109066 0.063154 0.065296 0.100814 0.084068 0.163889 0.118722 18.9243 0.943053 
3340   -21027.7   -764.6223269 127 108 0.036559 0.063293 0.061823 0.041300 0.173267 0.131466 0.046695 7.84156 0.952826 
3360   -20533.1            inf 99 33 0.038511 0.129792 0.042558 0.053794 0.088748 0.109679 0.071024 5.33543 0.961231 
3380     -20998   -342.2840622 111 61 0.017285 0.064033 0.031165 0.077192 0.047955 0.066319 0.118990 1.61435 0.942377 
3400   -20733.8    72.13252781 77 56 0.043062 0.041575 0.100760 0.064572 0.030003 0.064076 0.064646 5.94924 0.936046 
3420   -20850.4    -331.696228 54 71 0.015964 0.108444 0.091063 0.140286 0.074310 0.048574 0.164873 1.2217 0.895714 
3440   -21123.6   -636.1851028 37 37 0.107580 0.094082 0.024365 0.095588 0.141012 0.063338 0.105532 4.44662 0.967239 
3460   -20829.7   -522.4519776 19 10 0.132170 0.111510 0.075937 0.081371 0.051394 0.129862 0.016103 4.82664 0.925867 
3480   -21393.2    -776.367102 0 1 0.009912 0.063356 0.096760 0.094190 0.096780 0.066934 0.017076 4.32116 0.957305 
3500   -21049.9   -274.2138555 42 92 0.100814 0.071993 0.122100 0.111748 0.011458 0.126683 0.096777 1.37875 0.933173 
3520   -21124.3   -468.9689842 117 25 0.093629 0.106420 0.048437 0.091541 0.047218 0.027398 0.073677 7.36118 1.01597 
3540   -20643.2   -50.50789073 80 4 0.018594 0.056718 0.034325 0.151002 0.027001 0.082055 0.035500 7.03271 0.915809 
3560   -20837.6   -177.8123516 125 120 0.077830 0.099708 0.062219 0.078973 0.038278 0.041231 0.047709 6.21823 0.919761 
3580   -20637.9    376.6542235 119 6 0.077061 0.019182 0.092781 0.087355 0.061172 0.034493 0.085075 5.57553 0.92929 
3600   -20483.8    274.9264949 93 41 0.090784 0.094012 0.105154 0.084316 0.043049 0.088098 0.091906 3.76487 0.922436 