#
# Code will run in posterior sampling mode.
#
# A scale parameter will be fit to the bkg model.
#
# The total number of Gibbs draws is 900, every 5th draws will be saved.
#
# The model will be fit using the Multi Scale Prior.
#
# The data matrix is 128 by 128.
#
# The data file should contain a  2^7 by 2^7 matrix of counts.
#
# Starting Values for the smoothing parameter (alpha):
# Aggregation Level:  0,   alpha: 0.3 (Full Data)
# Aggregation Level:  1,   alpha: 0.4
# Aggregation Level:  2,   alpha: 0.5
# Aggregation Level:  3,   alpha: 0.6
# Aggregation Level:  4,   alpha: 0.7
# Aggregation Level:  5,   alpha: 0.8
# Aggregation Level:  6,   alpha: 0.9  (In the 2x2 table)
#
# The prior distribution on the total count from the multiscale component is
# Gamma(1.000000, 0.050000).
#
# The hyper-prior smoothing parameter (kappa 2) is 1000.
#
iteration logPost stepSize cycleSpinRow cycleSpinCol smoothingParam0 smoothingParam1 smoothingParam2 smoothingParam3 smoothingParam4 smoothingParam5 smoothingParam6 expectedMSCounts bkgScale 
5   -22765.1   -660.1926916 29 98 0.226649 0.276416 0.362755 0.336762 0.193096 0.098117 0.089547 809.898 0.210097 
10   -21936.2    333.6562433 10 86 0.208911 0.238025 0.297413 0.281317 0.242931 0.144199 0.129289 602.35 0.462748 
15   -21905.9   -19.29159983 102 61 0.166802 0.206298 0.245121 0.251301 0.198638 0.172460 0.101631 380.435 0.634464 
20   -22275.8   -915.9671704 99 56 0.143453 0.133113 0.188904 0.209070 0.194360 0.140069 0.142096 231.527 0.809854 
25   -20793.5    281.3572641 92 114 0.119842 0.124906 0.169202 0.184156 0.148002 0.120007 0.051521 87.4348 0.861661 
30   -20741.3   -234.1553268 31 61 0.006366 0.014871 0.054023 0.178584 0.129742 0.122533 0.079384 45.806 0.949917 
35     -21136    117.4390047 68 43 0.045269 0.049757 0.063233 0.093091 0.126729 0.165740 0.084463 35.5432 0.918481 
40   -21431.2    -245.228927 40 23 0.062342 0.130577 0.033192 0.100771 0.129893 0.153153 0.058326 22.8927 0.992586 
45     -21083    423.7538366 25 32 0.060843 0.074560 0.059538 0.125000 0.045139 0.112088 0.053453 10.475 0.990586 
50     -20595    569.0249743 10 46 0.112385 0.053161 0.087241 0.096314 0.031844 0.071259 0.117274 9.20289 0.976914 
55   -20770.2    297.5646333 98 47 0.107422 0.014253 0.041803 0.045475 0.143067 0.121105 0.098565 14.4385 0.913145 
60   -20743.2   -63.94987018 34 52 0.060410 0.036674 0.058584 0.143855 0.130318 0.107631 0.092341 20.8994 0.975192 
65   -20752.1    212.6863485 112 63 0.055420 0.092581 0.097045 0.077276 0.132831 0.070195 0.117787 7.52731 0.989185 
70   -21794.1   -1289.089436 28 29 0.071003 0.051746 0.047265 0.053951 0.102007 0.058272 0.089419 10.1719 0.987905 
75   -21160.5   -306.0377027 92 59 0.071604 0.151950 0.030421 0.051459 0.089960 0.049849 0.131634 8.37689 0.970736 
80   -20884.6   -166.6477433 105 60 0.106729 0.041776 0.104041 0.092873 0.044427 0.045683 0.007653 5.01139 1.02461 
85   -21669.3   -295.3591378 49 7 0.029599 0.043055 0.117417 0.072608 0.074349 0.024271 0.160455 3.16018 0.958309 
90   -20965.9    -393.851152 4 20 0.089635 0.033127 0.072449 0.050247 0.128488 0.065228 0.065392 5.38345 0.974327 
95     -20827   -124.0891009 62 112 0.018814 0.081429 0.017263 0.096472 0.141939 0.080488 0.045782 1.79113 0.944492 
100       -inf           -inf 46 36 0.099502 0.086944 0.081635 0.003847 0.087819 0.096250 0.027006 0.0531713 1.04155 
105   -21084.6            inf 121 47 0.064617 0.135641 0.052840 0.057918 0.109339 0.032805 0.099298 0.26226 1.00478 
110       -inf           -inf 125 76 0.125533 0.060473 0.094013 0.107883 0.080100 0.051903 0.072624 4.75203 1.01986 
115   -20825.4    91.53343366 44 40 0.043457 0.079122 0.060779 0.051421 0.032030 0.102010 0.042331 2.65383 0.920587 
120     -22039   -1572.773316 42 38 0.090291 0.025802 0.083552 0.105491 0.037544 0.046949 0.078692 0.0819551 0.999283 
125   -20836.4   -384.3926627 36 76 0.056220 0.008477 0.049022 0.095016 0.107524 0.011398 0.046157 0.480657 1.03877 
130     -21275   -388.5273677 90 45 0.054983 0.137116 0.046611 0.069140 0.093982 0.027698 0.062830 1.8442 0.973274 
135   -20710.6    353.3122625 5 53 0.073837 0.038065 0.096641 0.135435 0.062303 0.088451 0.072845 0.746717 1.00924 
140   -21337.2    26.62989302 29 92 0.093553 0.057653 0.138531 0.041958 0.110523 0.096156 0.010353 1.90272 1.00539 
145   -20766.9    643.5400413 45 45 0.088840 0.097997 0.099348 0.037275 0.022456 0.050424 0.069770 0.387677 0.991946 
150   -21162.3   -361.3590557 97 90 0.068877 0.037949 0.084746 0.083510 0.032456 0.067338 0.119997 0.150276 0.962588 
155     -21044    -289.753145 81 2 0.094788 0.103706 0.078638 0.029013 0.089884 0.036938 0.108407 2.27478 0.951545 
160   -20304.3    188.0061753 8 2 0.071853 0.092551 0.013794 0.047434 0.081324 0.077123 0.043518 1.29336 0.983879 
165   -20903.8   -495.4557378 86 42 0.073815 0.050047 0.085340 0.047940 0.044408 0.091777 0.095883 6.56507 0.972534 
170   -20932.1   -453.4971619 125 46 0.050867 0.058537 0.089050 0.125607 0.007713 0.083541 0.079590 0.724574 1.01617 
175   -20916.3    421.6506286 65 99 0.132767 0.107444 0.169887 0.045456 0.082205 0.103874 0.031755 0.893944 1.05731 
180   -20955.9   -156.5311711 80 72 0.093621 0.156515 0.159357 0.058127 0.099145 0.073303 0.054911 5.43405 0.976391 
185     -20484    637.6712213 62 59 0.068609 0.121015 0.088479 0.119024 0.073340 0.074013 0.134082 0.273326 0.997574 
190   -21214.5   -191.4687449 116 76 0.102470 0.058308 0.054709 0.067450 0.048688 0.064770 0.038614 7.54398 0.98954 
195   -21039.6   -157.1148329 18 24 0.059573 0.015347 0.110560 0.128231 0.088718 0.016089 0.073010 3.86691 1.02487 
200   -20936.3    92.52241227 89 92 0.077734 0.074188 0.125337 0.004405 0.066742 0.083931 0.020243 5.43501 0.987494 
205     -20652    340.2328221 19 8 0.051637 0.038665 0.030461 0.005793 0.022017 0.034502 0.128621 2.36544 0.969159 
210   -20793.3    260.7684644 81 91 0.030718 0.063543 0.056119 0.084881 0.070018 0.108679 0.132424 4.92427 0.978387 
215   -21011.8   -443.2915365 66 26 0.088267 0.045595 0.153311 0.046290 0.045985 0.099874 0.075947 0.265713 0.983477 
220       -inf           -inf 80 10 0.129758 0.073418 0.083558 0.060667 0.034425 0.119029 0.088513 0.441576 1.004 
225   -20536.6     591.516539 5 22 0.091515 0.108391 0.107802 0.137858 0.031948 0.045395 0.066746 0.214278 0.977067 
230   -20834.6    113.4034199 105 73 0.020875 0.026837 0.014523 0.057257 0.104483 0.093557 0.111748 2.54979 0.982344 
235   -20831.7    313.9021991 58 120 0.087141 0.038953 0.049563 0.082665 0.109030 0.034796 0.082910 0.158358 1.01731 
240   -20525.3            inf 60 44 0.055254 0.066390 0.049442 0.148132 0.093764 0.077380 0.059242 1.15529 0.951463 
245   -21063.1   -48.48256968 106 35 0.114795 0.085270 0.055069 0.040413 0.128073 0.088243 0.037070 2.34202 0.964284 
250   -21414.2   -274.3851036 22 35 0.061011 0.066232 0.038462 0.046946 0.121835 0.044082 0.075064 0.238806 1.05334 
255   -21322.4    54.46344728 39 85 0.066945 0.094064 0.100884 0.063098 0.096436 0.069002 0.074431 5.55616 0.964347 
260       -inf           -inf 36 84 0.070223 0.099595 0.036823 0.076531 0.048710 0.077109 0.052793 0.729585 0.96888 
265     -20830    134.1492424 85 120 0.072019 0.044505 0.075890 0.026512 0.054046 0.095043 0.085482 4.09462 0.987456 
270   -21004.5     460.156574 66 9 0.014916 0.098803 0.130999 0.059912 0.077658 0.078395 0.128569 5.79155 1.03514 
275   -20528.7    681.0889568 6 25 0.078540 0.027398 0.104702 0.097597 0.072532 0.122458 0.061942 0.858965 0.985797 
280   -21472.5   -417.3781089 95 36 0.078800 0.039937 0.014372 0.059377 0.044891 0.058776 0.064831 1.28926 0.985509 
285     -20635    125.5281325 127 113 0.164514 0.034882 0.077437 0.080864 0.059627 0.077383 0.035635 3.92452 1.03644 
290   -21081.4   -241.5713369 56 121 0.038241 0.063031 0.047713 0.161568 0.067806 0.029666 0.056454 2.96827 0.983975 
295   -21065.4    556.5910039 11 119 0.093468 0.078150 0.005375 0.016155 0.067740 0.108348 0.042197 1.81619 1.03108 
300   -21196.5    -130.494741 96 94 0.123861 0.050373 0.103050 0.017687 0.040374 0.056366 0.100900 1.32909 0.986031 
305   -20682.1    185.6435922 127 97 0.060942 0.065950 0.058496 0.119720 0.077497 0.081645 0.113310 1.51041 0.970979 
310   -21051.8   -200.1015257 67 48 0.106105 0.046117 0.038912 0.051202 0.032751 0.141765 0.062203 5.3383 0.997312 
315   -20699.8    407.2954393 125 104 0.033895 0.078854 0.085826 0.097072 0.109274 0.113684 0.092076 5.31274 1.01809 
320   -20626.3    399.6373655 28 117 0.040227 0.035674 0.087529 0.060598 0.094888 0.041880 0.110591 3.95068 0.95715 
325   -20520.1    591.7928148 43 53 0.113619 0.025444 0.083680 0.041731 0.082799 0.100060 0.039126 2.63327 0.968018 
330   -20995.5    118.4972197 61 26 0.132242 0.065762 0.068432 0.051259 0.079482 0.050979 0.126527 2.40222 0.984699 
335   -20618.8    345.1876997 125 48 0.091268 0.020600 0.132159 0.020132 0.104162 0.102036 0.076058 0.759101 0.991925 
340   -21278.2    477.4072335 49 36 0.059072 0.152477 0.092244 0.045871 0.119819 0.058898 0.122916 0.633409 1.01029 
345   -20747.8    257.8635436 104 90 0.082678 0.041063 0.051147 0.062990 0.074025 0.066374 0.053309 1.15282 0.979223 
350   -20892.6    131.5422947 62 16 0.054562 0.109323 0.092186 0.070207 0.033329 0.136123 0.014107 4.46321 1.02296 
355     -20903   -115.7988257 114 85 0.050112 0.124185 0.110475 0.064079 0.018090 0.113941 0.120748 4.14573 1.00237 
360   -20782.4   -42.71970092 110 65 0.106453 0.006873 0.124986 0.111700 0.066935 0.047673 0.025169 4.77061 1.00856 
365   -20861.3   -40.30254307 20 16 0.038589 0.037812 0.017898 0.057644 0.072920 0.007762 0.082848 0.856366 0.992872 
370   -20953.4   -296.7889443 127 51 0.034652 0.054608 0.058345 0.024971 0.048187 0.047616 0.038790 2.8702 0.97431 
375     -20668    34.83401222 10 97 0.076536 0.085700 0.080815 0.087335 0.078548 0.080572 0.027864 2.83132 1.02483 
380   -21227.9   -322.2838665 78 4 0.130207 0.078852 0.082984 0.012362 0.068573 0.031272 0.009558 4.18576 0.979616 
385   -20858.3     647.168989 71 110 0.064862 0.016091 0.092923 0.033516 0.082317 0.038066 0.097022 1.76308 0.97471 
390   -21376.7   -276.2037149 37 12 0.099956 0.136308 0.090683 0.082232 0.077972 0.084933 0.126522 3.87803 0.968827 
395   -20578.9    725.0686315 35 100 0.097418 0.094183 0.135889 0.127603 0.039056 0.088778 0.100063 1.51594 1.00502 
400   -20940.8   -79.22339648 123 42 0.127234 0.081840 0.059378 0.080899 0.102982 0.073155 0.122352 4.30162 1.00827 
405   -21205.2   -429.4928213 104 77 0.115744 0.125010 0.065659 0.038858 0.080858 0.094079 0.118849 2.5298 0.987876 
410   -20961.5   -235.3244944 102 71 0.076902 0.135126 0.066434 0.099560 0.141041 0.015087 0.105389 5.49989 0.950655 
415   -20934.7    565.4803168 13 13 0.013887 0.009299 0.044185 0.078095 0.066614 0.055127 0.032866 5.46687 1.01441 
420   -20715.9   -101.2543597 21 41 0.061511 0.098664 0.079264 0.010991 0.056941 0.104542 0.120758 4.84873 0.967745 
425   -21233.1   -214.5689414 31 70 0.082097 0.087748 0.102694 0.090892 0.118093 0.144329 0.107249 7.06744 0.990268 
430   -20987.9   -124.9822484 43 83 0.036231 0.101260 0.058946 0.095998 0.109533 0.077476 0.070254 3.97096 0.969938 
435   -20594.2    376.5516877 90 0 0.071698 0.094430 0.118809 0.111974 0.108761 0.096626 0.020662 6.62361 1.00199 
440   -21098.7    164.5608595 24 106 0.102698 0.067128 0.037307 0.102078 0.052001 0.100039 0.050944 1.3639 0.968614 
445   -20914.3            inf 0 120 0.044363 0.074374 0.117146 0.066138 0.074205 0.095808 0.116759 1.6391 0.979271 
450       -inf           -inf 49 34 0.124539 0.074865 0.090794 0.072297 0.009137 0.037932 0.109847 5.48505 0.967673 
455   -20684.2   -180.1012851 104 101 0.091986 0.041477 0.105618 0.020262 0.035305 0.037475 0.070213 2.37026 0.999894 
460   -21154.5   -539.2827012 27 72 0.062295 0.053197 0.062579 0.061396 0.041925 0.086035 0.043864 8.39593 1.001 
465   -21406.3            inf 96 74 0.064987 0.074607 0.061439 0.074153 0.063294 0.082093 0.060615 1.19596 0.956136 
470   -20991.6    1124.035417 28 57 0.109190 0.029919 0.084063 0.067313 0.161521 0.063605 0.141562 4.33362 0.981116 
475   -20744.6    243.9750058 92 103 0.104392 0.091671 0.088951 0.095538 0.051977 0.124531 0.101369 1.23852 0.977682 
480   -21585.9    -1055.98061 106 49 0.050055 0.090949 0.095881 0.025187 0.127564 0.060198 0.107295 2.43867 0.981462 
485   -21464.6   -472.0565982 103 19 0.047083 0.060021 0.143867 0.022990 0.050263 0.064526 0.050029 3.71761 0.998926 
490       -inf           -inf 38 29 0.059888 0.089380 0.010576 0.074504 0.089311 0.036242 0.059671 4.90279 1.0289 
495     -21042   -219.5409498 109 106 0.044964 0.086858 0.116133 0.111997 0.067441 0.132233 0.044489 5.14284 1.01245 
500       -inf           -inf 118 72 0.095056 0.091003 0.069424 0.039654 0.013258 0.101420 0.038195 3.1772 1.00219 
505   -21451.3   -528.8015645 55 73 0.083463 0.017277 0.045952 0.030249 0.062200 0.148703 0.125601 2.31249 0.990183 
510     -20911            inf 71 127 0.023730 0.163672 0.066380 0.088162 0.088443 0.033399 0.119570 4.3779 0.943127 
515   -20770.8    229.2094516 48 124 0.096128 0.114903 0.088983 0.066058 0.109924 0.058531 0.123836 1.31001 0.994775 
520   -21023.9    1114.981794 30 61 0.075809 0.061358 0.142753 0.016319 0.013993 0.106780 0.076985 2.82982 0.981874 
525     -21529   -1146.850673 96 1 0.108983 0.064491 0.085930 0.034288 0.115649 0.015958 0.083492 2.8768 0.959744 
530     -21909   -1085.604933 109 76 0.095081 0.051723 0.069328 0.078712 0.130563 0.054878 0.107312 1.326 1.04147 
535   -20753.1            inf 71 114 0.112233 0.047496 0.050763 0.113677 0.012126 0.105519 0.091592 1.80591 1.01826 
540   -20742.8    281.1651677 115 35 0.052958 0.121550 0.020762 0.050101 0.112866 0.085910 0.057054 1.98762 1.02158 
545   -20819.4    573.8311356 125 12 0.100213 0.005561 0.081856 0.067219 0.122397 0.136046 0.067750 2.46841 1.00774 
550   -20857.9    62.93465157 2 70 0.034320 0.103137 0.116351 0.046111 0.058063 0.089615 0.096137 7.23382 0.987278 
555   -20714.1     93.0639365 51 116 0.077244 0.067778 0.095649 0.039609 0.078223 0.123224 0.133369 9.90832 0.972583 
560   -20901.4   -376.3090418 105 42 0.071515 0.140532 0.061088 0.112713 0.058775 0.083612 0.132799 7.31971 0.951305 
565   -20857.6    88.64200553 64 1 0.072911 0.036403 0.101414 0.056588 0.076968 0.077110 0.076961 3.36753 0.97392 
570   -20932.1    43.48649883 86 114 0.045105 0.006571 0.068476 0.032097 0.068755 0.059085 0.092517 3.01568 1.02262 
575   -20792.3     138.970763 102 15 0.060383 0.123767 0.085216 0.081610 0.095743 0.088106 0.100644 6.2436 0.950765 
580   -21102.1    282.0478212 80 67 0.199763 0.143779 0.103785 0.072712 0.079218 0.039381 0.044172 5.30479 0.994409 
585   -21171.4   -16.54930138 56 111 0.026318 0.086764 0.110133 0.047758 0.057081 0.133247 0.060674 2.54062 1.00594 
590   -21079.6   -540.8006732 41 56 0.065772 0.112745 0.093946 0.030499 0.095309 0.097947 0.110823 1.46209 1.03343 
595   -21529.7   -535.7832787 65 40 0.055922 0.103988 0.061163 0.039469 0.163516 0.040377 0.051729 3.428 0.977089 
600   -20722.9    13.94886005 95 80 0.033703 0.089588 0.129252 0.096093 0.061586 0.096788 0.118773 1.67817 1.00646 
605   -20918.1     668.833467 3 21 0.016581 0.070067 0.076944 0.066503 0.069855 0.047213 0.100702 2.55782 0.997389 
610   -20718.2   -160.9919891 87 125 0.066384 0.095305 0.093097 0.136885 0.085658 0.099787 0.021990 2.43529 0.997994 
615   -21021.7   -200.3024153 85 91 0.042166 0.133747 0.056548 0.106276 0.037664 0.027420 0.050899 1.70841 1.02826 
620   -20938.8   -76.90435988 115 48 0.122126 0.066188 0.044991 0.053911 0.046078 0.108883 0.053590 0.334691 1.01459 
625   -20695.6   -97.94802055 44 83 0.074278 0.091169 0.014961 0.093451 0.115834 0.053625 0.137173 0.566754 0.974731 
630   -21735.9            inf 45 25 0.054277 0.067881 0.098980 0.097888 0.028472 0.052024 0.071536 1.90324 0.966612 
635     -20940            inf 113 39 0.094721 0.085353 0.123763 0.118186 0.051242 0.090372 0.115536 0.467557 1.05929 
640   -21136.1   -351.6518982 12 43 0.075527 0.037178 0.111212 0.018386 0.051002 0.054256 0.061366 0.609184 1.0139 
645   -20870.2    -142.766952 117 31 0.030060 0.045476 0.068104 0.043363 0.028771 0.104497 0.083879 1.76213 1.00823 
650   -20985.8    137.5246515 57 20 0.082793 0.114083 0.034801 0.106239 0.130949 0.062373 0.114226 0.6152 1.01568 
655       -inf            nan 59 42 0.068100 0.010559 0.086528 0.082330 0.111162 0.044795 0.072674 5.67748 1.00594 
660   -20690.4   -138.5406283 78 10 0.091063 0.117440 0.062310 0.052418 0.067337 0.037929 0.105422 6.62776 1.01131 
665   -21163.7    35.12748688 69 99 0.098914 0.013818 0.129141 0.081860 0.047514 0.065832 0.112605 6.51017 0.996601 
670   -20886.6            inf 31 102 0.079187 0.084812 0.098413 0.036887 0.069879 0.073217 0.094431 1.69762 0.988394 
675   -20698.6    35.08707271 8 27 0.137483 0.046606 0.048948 0.028720 0.040277 0.054015 0.135949 0.929427 0.994891 
680   -20900.8    386.4585073 107 89 0.061897 0.065791 0.073408 0.076485 0.074422 0.056098 0.034906 0.99286 0.971088 
685   -20572.5     207.008038 43 105 0.063420 0.043460 0.137160 0.047670 0.017615 0.035449 0.065823 1.29876 0.954509 
690   -20434.2    294.2661917 65 17 0.072126 0.098555 0.075663 0.033309 0.041331 0.044259 0.066512 1.53758 1.03508 
695     -21427    364.2809836 96 114 0.021217 0.061883 0.081257 0.021800 0.137353 0.130794 0.061311 4.24144 1.03505 
700   -20550.1    544.0282905 84 46 0.061704 0.079864 0.124514 0.032331 0.038508 0.017380 0.094422 1.0472 0.968264 
705   -20607.1    119.1976149 117 50 0.058576 0.086107 0.045916 0.063120 0.094995 0.066363 0.083327 0.0603863 0.988502 
710     -20640     87.6680938 83 18 0.109790 0.138387 0.051265 0.062553 0.026711 0.041458 0.101375 2.42278 0.981934 
715     -21053   -19.80614666 70 78 0.028498 0.128266 0.006437 0.089603 0.092917 0.114707 0.092510 1.31077 1.00801 
720   -21305.4   -347.2285895 94 43 0.126059 0.064399 0.100035 0.025648 0.125336 0.050011 0.012969 0.142459 1.03113 
725   -20774.7    54.32414399 100 1 0.099143 0.055055 0.053882 0.081178 0.113227 0.053857 0.066927 1.41249 0.969234 
730     -20634    270.9625357 25 85 0.071767 0.111000 0.042503 0.093124 0.047591 0.103644 0.099128 0.469604 1.00804 
735   -21397.5   -521.2578709 127 80 0.074818 0.107448 0.100399 0.111988 0.051852 0.100421 0.073404 0.325553 1.02022 
740   -20981.3   -146.2410949 122 81 0.017452 0.019168 0.066813 0.104505 0.071892 0.060530 0.030678 0.991246 0.991663 
745       -inf           -inf 41 24 0.037864 0.089515 0.044413 0.121641 0.082376 0.092169 0.079042 0.164391 0.960727 
750   -20856.1    650.6983569 16 92 0.078763 0.079394 0.061088 0.113652 0.069137 0.008916 0.084763 0.117417 1.02729 
755   -21414.3            inf 100 88 0.109902 0.072656 0.016318 0.033030 0.145607 0.022656 0.109071 2.17506 0.971577 
760   -20923.6    51.75209558 16 72 0.116854 0.041973 0.117774 0.089359 0.077841 0.028165 0.084118 1.01881 1.05659 
765     -21231    140.9810971 97 124 0.117219 0.092757 0.028083 0.048289 0.036127 0.081565 0.059861 1.11193 0.975566 
770   -20971.2   -224.6306704 20 60 0.097539 0.062915 0.010714 0.018808 0.086421 0.048758 0.026512 1.40938 1.00152 
775   -20750.8    455.2005204 104 18 0.106782 0.102027 0.093434 0.126258 0.108353 0.122897 0.036417 4.47574 1.00012 
780   -20786.4    23.11137641 114 23 0.074221 0.109926 0.065670 0.077146 0.089497 0.046249 0.130343 1.09165 0.990667 
785       -inf           -inf 32 94 0.028404 0.062236 0.038746 0.077974 0.017302 0.069666 0.111137 2.013 0.972956 
790   -20564.1    120.0754452 37 118 0.090856 0.039537 0.030872 0.080087 0.032234 0.066462 0.122108 1.66334 1.02704 
795   -21669.6   -672.3726252 101 76 0.063898 0.123778 0.095320 0.073193 0.080596 0.106117 0.024263 1.08569 0.977504 
800   -21109.6   -93.35799579 95 92 0.022379 0.038104 0.141749 0.024570 0.156129 0.119241 0.060824 2.54058 1.02842 
805   -21037.3   -161.7510047 122 127 0.071282 0.090600 0.070836 0.022537 0.039992 0.058813 0.056239 2.82592 0.994504 
810   -20774.3    332.9687842 13 37 0.059732 0.078445 0.062087 0.091267 0.031590 0.071457 0.097695 0.969341 1.03307 
815     -21685   -1392.829712 17 32 0.074970 0.084544 0.081564 0.046514 0.039321 0.064197 0.158527 2.92935 1.00808 
820   -21079.4   -194.5618151 39 28 0.043919 0.052251 0.047123 0.074949 0.091590 0.081506 0.085915 2.1165 0.982162 
825   -20577.4    595.5852402 112 113 0.084366 0.022305 0.107412 0.076316 0.048863 0.020509 0.101952 0.668736 0.976512 
830   -20484.4    406.6672727 110 81 0.062915 0.020181 0.022885 0.036979 0.123064 0.084866 0.110825 5.5127 0.996535 
835   -20926.2   -138.3188878 13 78 0.049276 0.113791 0.047214 0.138005 0.032180 0.014474 0.112739 1.16796 0.974075 
840   -21077.5   -291.2693838 0 109 0.109038 0.051328 0.050841 0.113283 0.073975 0.062386 0.089128 4.45448 0.974399 
845   -21039.5   -199.7196558 17 99 0.044036 0.117738 0.056065 0.094874 0.118981 0.075694 0.022443 2.15018 1.02049 
850     -21205   -416.7662088 70 85 0.042219 0.085232 0.050042 0.122269 0.107749 0.044762 0.110868 7.20831 1.01314 
855     -20440    414.0355546 26 108 0.086709 0.065176 0.100245 0.054660 0.152457 0.126827 0.064803 4.0308 0.97993 
860   -21380.3   -912.6698288 122 115 0.143466 0.099668 0.086435 0.113543 0.095550 0.082368 0.032498 2.59547 0.947477 
865       -inf           -inf 120 100 0.090991 0.079038 0.093362 0.054036 0.087910 0.070356 0.126008 4.25251 1.00349 
870   -20654.4            inf 26 112 0.029593 0.027476 0.064057 0.074249 0.062057 0.065200 0.104012 6.95653 0.993387 
875   -21045.5    -349.512649 97 44 0.045318 0.132120 0.025746 0.062263 0.033958 0.022203 0.069658 1.07978 0.990939 
880   -20999.5   -334.1037268 69 78 0.039234 0.113054 0.074482 0.077102 0.037502 0.056188 0.049703 2.00014 0.986034 
885   -21225.5   -258.5888902 123 90 0.030467 0.156832 0.142109 0.070086 0.102371 0.075883 0.048490 1.41737 0.97692 
890     -20783            inf 104 80 0.110112 0.081147 0.052468 0.080891 0.131107 0.094532 0.058394 0.0776929 0.995086 
895   -20841.1   -419.7568558 38 75 0.007288 0.122777 0.128455 0.026917 0.073674 0.065662 0.042690 2.68802 0.965243 
900   -21021.1     837.751743 23 92 0.100337 0.039993 0.139695 0.062208 0.068677 0.078721 0.106823 0.89392 0.941388 