#
# Code will run in posterior sampling mode.
#
# A scale parameter will be fit to the bkg model.
#
# The total number of Gibbs draws is 900, every 5th draws will be saved.
#
# The model will be fit using the Multi Scale Prior.
#
# The data matrix is 128 by 128.
#
# The data file should contain a  2^7 by 2^7 matrix of counts.
#
# Starting Values for the smoothing parameter (alpha):
# Aggregation Level:  0,   alpha: 0.003 (Full Data)
# Aggregation Level:  1,   alpha: 0.004
# Aggregation Level:  2,   alpha: 0.005
# Aggregation Level:  3,   alpha: 0.006
# Aggregation Level:  4,   alpha: 0.007
# Aggregation Level:  5,   alpha: 0.008
# Aggregation Level:  6,   alpha: 0.009  (In the 2x2 table)
#
# The prior distribution on the total count from the multiscale component is
# Gamma(1.000000, 0.050000).
#
# The hyper-prior smoothing parameter (kappa 2) is 1000.
#
iteration logPost stepSize cycleSpinRow cycleSpinCol smoothingParam0 smoothingParam1 smoothingParam2 smoothingParam3 smoothingParam4 smoothingParam5 smoothingParam6 expectedMSCounts bkgScale 
5   -22549.6            inf 74 36 0.149390 0.127774 0.140459 0.190748 0.007000 0.124138 0.122987 131.032 0.954257 
10   -21289.6   -397.7644932 99 27 0.071825 0.072683 0.069082 0.103292 0.134825 0.142612 0.126900 56.8654 0.98509 
15   -20641.8   -131.4363302 89 6 0.028554 0.066809 0.101522 0.068474 0.124641 0.070619 0.103987 47.1578 1.0143 
20   -20999.9    -171.504864 12 123 0.068953 0.002164 0.131952 0.203115 0.089226 0.144023 0.124791 31.0006 1.02775 
25   -21111.7   -273.0349026 120 34 0.023138 0.146368 0.097291 0.107018 0.109752 0.121144 0.121230 27.993 1.021 
30   -21046.3     414.817468 120 40 0.062115 0.095309 0.076747 0.160638 0.081439 0.155756 0.107982 30.3054 0.96571 
35   -20699.9    298.2835375 19 102 0.034881 0.024299 0.045874 0.122086 0.118341 0.090891 0.098948 29.2994 1.00062 
40   -21062.7   -625.5102947 35 95 0.062767 0.035080 0.050085 0.187232 0.092348 0.128659 0.138263 28.017 0.956543 
45   -20625.6    395.3077731 27 78 0.091589 0.085674 0.060901 0.044266 0.120937 0.062581 0.083141 33.5729 1.01067 
50   -21072.8   -528.4286375 87 121 0.017607 0.102833 0.072765 0.099813 0.130493 0.058071 0.137043 16.4387 1.02719 
55   -21010.8   -8.852476347 27 63 0.079598 0.025711 0.083713 0.051194 0.131219 0.126343 0.143663 23.8905 1.0489 
60   -20860.7    57.68643692 125 100 0.101348 0.099088 0.093682 0.083732 0.104565 0.116598 0.106165 30.9013 1.02871 
65     -21001   -36.69216216 75 69 0.049364 0.045230 0.088144 0.051991 0.096941 0.086469 0.131753 13.4209 0.981023 
70   -20586.4    156.2424311 76 68 0.097377 0.089315 0.074675 0.114975 0.068806 0.101167 0.165817 19.8413 1.02768 
75       -inf           -inf 96 39 0.048256 0.093352 0.097655 0.022085 0.077824 0.059343 0.122448 8.99737 1.04114 
80   -20948.8   -118.6451418 46 127 0.080868 0.062097 0.037561 0.086333 0.086557 0.118910 0.157414 10.6144 0.975101 
85   -21464.2   -943.4803934 118 104 0.045522 0.046578 0.064045 0.019450 0.074203 0.082483 0.085566 14.8949 0.989549 
90   -20981.7   -242.7650798 75 74 0.074461 0.053297 0.057244 0.108070 0.104539 0.112963 0.111598 16.3759 1.05439 
95   -20787.8    105.1539477 115 56 0.084473 0.042912 0.166151 0.061521 0.040230 0.090381 0.079682 14.574 1.03845 
100   -21132.2    662.1598526 97 4 0.045144 0.092550 0.075960 0.065910 0.114586 0.120896 0.076520 11.7131 1.04954 
105   -21022.1   -169.4328384 127 33 0.010173 0.079889 0.119534 0.070105 0.143814 0.084924 0.111779 8.82217 1.02884 
110   -20912.6    392.8302336 23 122 0.023820 0.045293 0.104674 0.156940 0.082737 0.021813 0.132661 4.64622 1.01992 
115     -21356   -172.5606651 29 35 0.139990 0.101617 0.020820 0.094731 0.097474 0.079814 0.059529 2.37125 0.972921 
120   -20583.7    224.8960005 38 5 0.067011 0.098243 0.069740 0.054998 0.106482 0.040631 0.073129 1.21603 1.02935 
125   -21363.6    353.4015195 119 35 0.077780 0.038904 0.082620 0.042076 0.071108 0.114362 0.128034 0.13514 1.00745 
130   -20895.4   -115.9168831 21 124 0.090692 0.019266 0.045176 0.033951 0.074605 0.043686 0.046608 0.987762 0.995718 
135   -20838.4    42.76987019 5 87 0.120400 0.107147 0.093392 0.072002 0.060683 0.077361 0.121394 5.26067 0.949202 
140   -20633.6   -88.32784919 5 9 0.033226 0.089207 0.046767 0.095119 0.051792 0.078051 0.021442 1.07589 1.04487 
145   -20724.5    344.1152689 60 18 0.023803 0.119640 0.047039 0.113770 0.085365 0.148790 0.089889 1.49891 1.00606 
150     -20616    1116.138734 85 87 0.099901 0.057537 0.117427 0.049711 0.046398 0.078955 0.086444 0.715795 0.976727 
155   -20737.9    926.0137431 83 47 0.090117 0.079058 0.044685 0.093282 0.103786 0.082840 0.097939 0.222547 1.02798 
160   -21366.1   -523.6156291 81 35 0.127234 0.053374 0.107194 0.113147 0.034378 0.090082 0.095750 6.23691 1.01704 
165   -21181.8    53.67447338 35 119 0.120542 0.174978 0.009915 0.042887 0.053962 0.100275 0.088703 3.88014 1.04818 
170   -21133.3   -152.6079435 92 43 0.108431 0.085446 0.061284 0.117565 0.124503 0.091039 0.051596 6.30375 1.00524 
175   -21598.7   -598.4749047 100 71 0.074985 0.069040 0.057926 0.119167 0.045730 0.061414 0.042138 6.97941 1.03005 
180       -inf           -inf 121 86 0.051275 0.041229 0.133994 0.116458 0.117733 0.058688 0.120199 6.55978 0.970538 
185   -20901.2   -78.31982075 0 2 0.014975 0.087625 0.031857 0.085023 0.081706 0.053532 0.072760 3.40698 1.02106 
190   -20781.6     278.799623 120 120 0.069935 0.059069 0.099403 0.105802 0.045792 0.079442 0.033085 3.32766 0.992766 
195   -20952.8    234.6994812 5 106 0.103029 0.066912 0.049573 0.026110 0.041749 0.045347 0.107000 3.92527 0.988411 
200   -20533.5    372.9908085 108 92 0.075890 0.106166 0.063408 0.088410 0.088722 0.057575 0.078265 3.60768 1.06706 
205   -20885.2            inf 123 51 0.095146 0.070738 0.072296 0.059089 0.044748 0.089258 0.059031 5.3482 1.03676 
210   -21423.2   -269.8309786 49 6 0.016989 0.086600 0.128739 0.054249 0.026596 0.054596 0.075047 1.06625 1.04935 
215   -20970.9    1311.583448 81 109 0.053038 0.075618 0.100592 0.113403 0.112213 0.066709 0.028677 1.59655 1.01035 
220   -21626.4   -152.5098008 113 42 0.095955 0.095251 0.127492 0.112603 0.082003 0.117814 0.116469 3.16808 0.977277 
225   -21479.5   -603.4040189 24 14 0.070232 0.076667 0.053986 0.035533 0.058605 0.094803 0.093815 4.19371 0.978278 
230   -21389.1   -633.2120647 111 95 0.060583 0.057462 0.009664 0.069112 0.033253 0.032173 0.111512 1.07313 0.99617 
235   -21228.4   -440.8654471 115 9 0.173144 0.110157 0.079181 0.070685 0.018244 0.099768 0.078961 1.5039 1.05067 
240   -20878.9   -175.8857353 112 100 0.069758 0.003703 0.083566 0.150705 0.081001 0.014663 0.037642 5.87623 1.00806 
245   -20961.3    160.3834275 107 61 0.143503 0.062444 0.046173 0.096002 0.102301 0.035542 0.074941 3.62822 0.984438 
250   -20694.9   -81.43593629 121 121 0.041174 0.019390 0.054929 0.098396 0.099281 0.189338 0.096691 4.00494 1.05492 
255   -21263.7   -639.2493811 92 42 0.048014 0.073210 0.008572 0.090250 0.052842 0.150206 0.149132 3.38186 1.00809 
260   -20705.7    315.7388094 95 17 0.074796 0.023397 0.119207 0.084792 0.082589 0.058488 0.098819 5.27237 1.02345 
265   -20774.2    335.9459318 14 114 0.071555 0.064307 0.079716 0.061049 0.021977 0.165882 0.046900 7.57595 0.958764 
270   -20620.2    586.6659401 77 120 0.080286 0.017023 0.098287 0.014573 0.032927 0.066032 0.074685 0.554349 1.01268 
275   -20522.5    368.7393501 12 20 0.036292 0.083498 0.077066 0.054486 0.073497 0.040206 0.063062 3.26913 0.981373 
280   -21513.6   -843.9625593 109 106 0.071983 0.058868 0.032205 0.070277 0.083468 0.063871 0.080713 3.34323 1.02042 
285   -21467.7     -460.40853 36 25 0.139781 0.101532 0.092772 0.081664 0.045650 0.131827 0.086357 5.57127 0.973844 
290   -20827.8     321.155363 86 75 0.062486 0.057906 0.040835 0.084984 0.102061 0.084156 0.066148 6.14124 1.06019 
295   -21307.4    314.0105219 33 85 0.101213 0.039827 0.068638 0.063698 0.068959 0.045640 0.103232 4.28525 1.03746 
300   -20921.8   -185.3123585 55 82 0.093181 0.058987 0.075122 0.068955 0.113765 0.135011 0.082629 1.69461 1.01702 
305   -21020.9   -279.2625455 27 38 0.080920 0.085555 0.085216 0.056189 0.015202 0.042352 0.141858 6.22054 1.01244 
310   -20826.9   -242.3078631 23 78 0.106161 0.119094 0.074946 0.021049 0.034211 0.040398 0.072440 1.50489 0.997653 
315     -21233    -186.209117 125 84 0.060205 0.020253 0.040235 0.083654 0.107727 0.064838 0.080959 1.39644 0.9919 
320   -20689.5   -50.41217473 110 21 0.057495 0.043488 0.062669 0.107331 0.019698 0.049031 0.103583 4.11245 1.04138 
325   -20731.8    690.4576212 89 58 0.086148 0.042185 0.039940 0.044143 0.084066 0.107274 0.126129 6.25726 1.04034 
330   -21173.6            inf 98 0 0.073577 0.086508 0.013960 0.095200 0.067051 0.040847 0.082535 5.81096 0.993383 
335   -20601.4    403.7884674 38 89 0.055152 0.027028 0.073976 0.126336 0.051865 0.042618 0.079511 4.8474 1.02739 
340   -20620.5    387.6064431 125 108 0.062764 0.120277 0.043372 0.057632 0.030484 0.063564 0.036661 1.28561 1.07175 
345   -21085.9   -234.4696488 36 83 0.056736 0.056126 0.053731 0.066143 0.147970 0.078470 0.026811 2.29591 1.01962 
350     -20629     306.169347 91 94 0.107380 0.036440 0.122321 0.094459 0.093511 0.067161 0.055525 0.697063 0.96046 
355     -20662    151.5117305 15 121 0.096939 0.051768 0.069507 0.014564 0.070127 0.088301 0.106166 3.62332 1.04119 
360   -21261.1   -491.6640875 33 109 0.071372 0.089881 0.064825 0.079498 0.112117 0.045955 0.027301 2.38479 1.01639 
365   -20828.8    582.6621774 26 38 0.052738 0.054983 0.065127 0.064762 0.021999 0.065059 0.036036 4.36059 0.979237 
370   -20614.6   -10.65710055 21 32 0.073100 0.103324 0.032910 0.045492 0.114049 0.041826 0.103869 9.57687 0.960839 
375   -21152.5    123.4371597 90 10 0.097464 0.105283 0.041414 0.064345 0.102503 0.054799 0.126160 8.41029 1.02424 
380   -20619.5    364.9506188 119 10 0.068103 0.061743 0.023869 0.071409 0.095380 0.048252 0.044824 7.55891 1.05112 
385   -20999.8   -183.7025104 95 2 0.084836 0.065445 0.060818 0.104080 0.107950 0.054949 0.042263 10.9388 0.977823 
390   -20697.1            inf 68 109 0.026736 0.007230 0.124638 0.085060 0.125556 0.107024 0.029525 4.78491 0.986722 
395   -21099.3   -543.8197321 92 84 0.028095 0.028090 0.117962 0.057861 0.026039 0.075638 0.061925 2.65205 1.00497 
400   -20476.9    286.4912872 31 100 0.133004 0.126274 0.111443 0.093011 0.054474 0.038573 0.070382 2.72887 0.963872 
405   -20906.8    -102.279848 41 13 0.150504 0.106826 0.065178 0.027621 0.141183 0.041466 0.056293 2.63944 1.04102 
410   -21072.9   -635.5802878 81 126 0.062433 0.068098 0.076334 0.088508 0.052868 0.093533 0.052820 4.05342 0.946448 
415   -20747.5    782.2166521 88 44 0.043033 0.061667 0.077268 0.154636 0.109050 0.042111 0.050425 4.90676 0.986095 
420     -20869   -103.0012034 95 26 0.075592 0.079767 0.052173 0.138972 0.061763 0.131051 0.038845 4.38851 0.968981 
425   -20579.1    220.1577483 64 28 0.063289 0.059362 0.091130 0.080191 0.112596 0.175636 0.059450 4.29296 0.993474 
430   -21024.2   -383.9161704 126 47 0.080944 0.018964 0.060074 0.053514 0.059684 0.092980 0.076192 3.29006 1.08751 
435   -20549.5    208.5841166 104 61 0.071905 0.072044 0.096794 0.036302 0.005967 0.093927 0.125145 4.65499 0.979277 
440   -21063.4   -138.8594138 54 2 0.070476 0.094112 0.065439 0.100764 0.108997 0.066582 0.069955 8.363 0.981311 
445   -20918.6   -96.04040233 123 50 0.089730 0.097461 0.019395 0.102262 0.093976 0.088337 0.029187 3.91996 1.04679 
450   -21784.4   -390.4001693 38 64 0.043094 0.047591 0.144613 0.043181 0.033208 0.112207 0.095522 7.08202 0.978261 
455   -20944.6    759.6589235 58 8 0.121403 0.078112 0.022483 0.103361 0.060181 0.122424 0.096787 3.30532 0.985891 
460   -21417.7    -828.248592 74 93 0.035613 0.052735 0.098348 0.023461 0.094607 0.093667 0.055500 4.47692 1.01352 
465   -21460.1   -899.9408681 32 122 0.086507 0.083482 0.057786 0.083654 0.055945 0.095405 0.097903 1.77227 1.03957 
470   -21038.9   -388.6349498 46 90 0.162787 0.094947 0.088072 0.101742 0.060150 0.053798 0.107854 2.24586 0.963266 
475   -21490.1   -405.8221182 91 40 0.051650 0.086596 0.051358 0.091825 0.049572 0.056754 0.040313 5.89699 0.99401 
480   -20897.6            inf 50 19 0.086365 0.026172 0.157204 0.038934 0.064571 0.068834 0.101528 7.81329 0.978744 
485   -20957.3    -356.857832 109 43 0.140137 0.071584 0.122184 0.126712 0.101916 0.051894 0.108876 7.83136 1.00728 
490   -20742.7    421.4063718 78 105 0.126769 0.079564 0.049332 0.052163 0.081411 0.075259 0.121494 5.20646 0.999634 
495   -21255.7   -436.4996702 25 39 0.050143 0.095567 0.034601 0.095516 0.132350 0.118726 0.015245 4.32042 1.04836 
500   -21088.6   -116.3478388 88 0 0.048920 0.114901 0.067825 0.139035 0.113657 0.062782 0.125754 7.78537 1.07016 
505     -20848    352.2439275 98 19 0.076172 0.018262 0.085064 0.010877 0.120337 0.061498 0.063989 1.6136 1.04749 
510   -21190.1    7.265952103 39 85 0.036413 0.120732 0.062387 0.075723 0.060880 0.031413 0.023001 0.84711 1.0152 
515   -20914.8    349.9882643 119 72 0.059169 0.054308 0.085919 0.052815 0.138461 0.082160 0.075270 0.701985 0.990262 
520       -inf           -inf 114 92 0.096057 0.107412 0.013411 0.115116 0.090209 0.052317 0.134044 4.26527 0.995176 
525   -20640.3    485.4412001 90 54 0.106784 0.071719 0.040704 0.088389 0.141870 0.023184 0.031639 3.21711 0.996009 
530   -20840.8   -225.0247852 102 78 0.054186 0.023469 0.024474 0.125937 0.070739 0.073611 0.121808 0.0472138 1.02614 
535   -20506.7            inf 118 52 0.052910 0.068948 0.083261 0.037735 0.047562 0.094418 0.111895 0.184539 1.01739 
540       -inf           -inf 8 108 0.085127 0.062459 0.058946 0.147652 0.042700 0.072323 0.057222 3.09506 0.969937 
545   -21008.6   -168.2527655 60 104 0.085196 0.125631 0.065511 0.057910 0.141338 0.041303 0.078502 0.227773 1.03639 
550   -21603.6    191.0142758 41 37 0.101807 0.129466 0.113371 0.027165 0.127499 0.064539 0.164511 3.12247 1.02671 
555   -20718.5    309.9574115 37 45 0.077384 0.060865 0.013528 0.107048 0.070738 0.066044 0.076984 4.41329 1.02293 
560   -20844.5    315.1472143 50 54 0.045746 0.082660 0.079652 0.099640 0.063783 0.034279 0.016400 11.0059 1.00721 
565     -21243   -228.3212652 84 37 0.100215 0.084954 0.105664 0.058425 0.074668 0.009664 0.121893 4.8438 1.00145 
570   -20980.9   -25.89485854 67 72 0.075599 0.043421 0.071746 0.109038 0.064455 0.138755 0.112592 4.29423 1.00053 
575   -20868.9    418.6438582 78 83 0.058477 0.086663 0.068369 0.025188 0.117065 0.089088 0.033882 1.19935 0.95295 
580   -21122.6   -50.47963815 101 86 0.029121 0.048687 0.091502 0.008083 0.051591 0.048385 0.078593 1.14788 0.968633 
585   -20713.7            inf 98 9 0.092703 0.034194 0.063837 0.116132 0.061164 0.126420 0.083933 3.9166 1.06916 
590       -inf           -inf 11 11 0.086536 0.125397 0.068014 0.085018 0.005016 0.066100 0.054216 5.887 1.00404 
595   -21223.8   -456.0778882 92 52 0.086318 0.036085 0.068787 0.059226 0.083866 0.097307 0.085340 4.08891 0.993013 
600     -20683     233.206669 91 31 0.054997 0.018784 0.121148 0.019365 0.136199 0.054869 0.122823 2.0362 0.985119 
605   -20659.5     268.172477 64 1 0.041807 0.097502 0.062152 0.114317 0.111814 0.054860 0.068044 3.21629 1.00666 
610   -20906.3    677.8587157 109 1 0.048603 0.084618 0.012393 0.051285 0.003861 0.045977 0.055184 3.9424 0.98545 
615   -21087.9     -572.13601 127 79 0.078590 0.108923 0.054459 0.103208 0.025820 0.088952 0.082543 3.50082 1.01465 
620   -21492.5   -328.7402723 67 57 0.078624 0.080132 0.156327 0.036526 0.105076 0.079576 0.104575 5.18915 1.03693 
625   -21060.2   -18.24498955 39 58 0.072268 0.036137 0.115583 0.096281 0.040699 0.069576 0.089037 6.19884 0.927659 
630     -20750   -57.61484571 10 107 0.069958 0.037011 0.058406 0.091123 0.093816 0.069125 0.032458 8.95844 1.0586 
635   -21124.1   -314.5288793 25 80 0.100560 0.057298 0.069053 0.099710 0.047885 0.115446 0.133267 3.94322 0.98698 
640   -21217.1   -450.7904597 59 37 0.071955 0.057827 0.091251 0.057581 0.047328 0.099260 0.066099 4.12104 1.04619 
645   -20555.7    734.7529082 77 19 0.011679 0.033986 0.073836 0.112864 0.017888 0.053636 0.040961 2.33656 0.955383 
650     -20903   -18.53471467 67 87 0.105890 0.026843 0.069699 0.095782 0.053214 0.045303 0.040398 4.91867 1.07899 
655   -20706.7   -43.89099052 110 29 0.081223 0.121075 0.055887 0.046102 0.097477 0.098581 0.024767 0.561673 1.07398 
660   -20697.5    72.68037739 86 109 0.089883 0.055378 0.047194 0.054770 0.018599 0.075017 0.035987 1.4659 1.07952 
665     -20960    746.8070041 49 20 0.103064 0.048763 0.060610 0.089024 0.052508 0.056701 0.127564 1.77268 0.981261 
670   -21421.7   -801.5871125 24 103 0.093722 0.072594 0.058666 0.036322 0.009694 0.065752 0.078137 3.63032 1.00589 
675   -20808.6   -95.94414304 66 83 0.072882 0.060692 0.018249 0.119414 0.096277 0.038943 0.120955 0.357264 0.992675 
680   -20679.8    440.6890627 29 45 0.078356 0.009865 0.108154 0.095919 0.077084 0.075263 0.059126 1.8571 1.00327 
685   -20958.7   -268.3257469 56 9 0.095726 0.087615 0.112904 0.065266 0.057133 0.060240 0.075727 0.968667 1.02872 
690   -20943.7    335.8526662 47 62 0.051976 0.072216 0.049597 0.018751 0.086898 0.083575 0.047015 0.527977 1.05584 
695   -21067.3    547.2248451 10 112 0.064293 0.080501 0.032023 0.095134 0.047453 0.178183 0.081802 1.80436 1.04509 
700   -21045.3    413.1057575 15 53 0.103331 0.079773 0.040742 0.102489 0.072883 0.075092 0.107295 1.30355 1.01431 
705   -20581.5    144.3445462 118 72 0.076179 0.055675 0.109186 0.089619 0.079019 0.102545 0.011640 0.0109048 0.998431 
710     -21511   -84.52307333 28 104 0.129164 0.138522 0.055297 0.073360 0.068171 0.058637 0.048646 1.32576 1.02684 
715       -inf           -inf 67 124 0.052536 0.057819 0.115576 0.070622 0.057017 0.109884 0.094501 1.14534 0.968266 
720       -inf           -inf 21 39 0.107733 0.044889 0.048754 0.161759 0.049265 0.063587 0.055282 1.72321 0.99248 
725   -21544.6   -933.3232556 65 75 0.070244 0.033328 0.079053 0.074974 0.062776 0.146261 0.136476 4.48535 0.998883 
730       -inf           -inf 127 13 0.123359 0.045272 0.085965 0.094505 0.051890 0.071309 0.129591 0.717152 1.08655 
735   -21065.8    2.861615314 46 20 0.062052 0.005033 0.077162 0.078906 0.097409 0.053948 0.067007 0.0706248 0.950775 
740   -20450.5            inf 8 20 0.071194 0.057627 0.070637 0.132828 0.029338 0.044436 0.039788 1.43987 0.971661 
745   -21454.2    -352.875591 108 117 0.073085 0.121104 0.089902 0.081613 0.056542 0.064006 0.046540 1.23507 0.976003 
750   -20674.7   -104.4852744 80 103 0.071269 0.065379 0.057599 0.040162 0.052811 0.068563 0.146251 2.14709 1.00608 
755     -20600    501.5284468 109 71 0.080290 0.122754 0.085968 0.017400 0.094652 0.112742 0.077422 0.225145 1.08594 
760       -inf           -inf 84 75 0.050844 0.121854 0.077478 0.067253 0.077471 0.066240 0.046099 1.07395 0.98756 
765   -21179.5   -820.0080728 51 72 0.059990 0.055037 0.010542 0.024293 0.094218 0.066213 0.053492 0.290822 1.04738 
770   -20933.8    30.78459388 49 4 0.095910 0.074960 0.074065 0.115221 0.094129 0.024328 0.051116 0.427322 1.03714 
775   -21124.2    356.1008047 68 69 0.097384 0.152681 0.125002 0.067355 0.111112 0.122705 0.042062 0.939427 1.00133 
780   -21250.6    404.1541221 47 115 0.094566 0.078809 0.049042 0.120824 0.028026 0.105041 0.048958 0.317304 1.01987 
785   -21118.3   -523.5670513 38 63 0.051974 0.107411 0.038948 0.090955 0.066463 0.063407 0.034059 1.55203 1.0204 
790   -20958.7    519.8149971 45 59 0.040960 0.095509 0.033787 0.068208 0.067205 0.050851 0.105291 0.744839 1.00113 
795   -20897.7    338.5975317 101 73 0.067099 0.107660 0.038142 0.126836 0.120416 0.061898 0.110484 1.67465 1.00541 
800   -21270.2   -246.0969435 116 22 0.025306 0.096829 0.063132 0.073956 0.114526 0.149847 0.006245 4.96302 0.951795 
805   -21437.2   -730.1570302 66 87 0.137682 0.097861 0.025331 0.077908 0.050659 0.101973 0.086956 5.89403 1.00313 
810   -21068.5    4.125818776 22 40 0.082036 0.106941 0.040244 0.022481 0.035992 0.058937 0.116978 6.56304 1.03648 
815   -20573.4    599.9676132 11 114 0.074175 0.046957 0.117799 0.080614 0.051705 0.144983 0.033431 6.38946 1.02528 
820   -21387.4   -97.98465741 104 127 0.079795 0.100587 0.092541 0.044460 0.010397 0.091608 0.095302 3.88872 1.02581 
825     -21798   -1204.448439 0 108 0.082556 0.066402 0.071061 0.090195 0.113993 0.067524 0.059473 4.38384 0.946414 
830     -20885    126.2007303 5 127 0.062823 0.025290 0.060573 0.160577 0.027122 0.107873 0.092470 6.39573 0.982879 
835     -21062     499.620105 93 35 0.106656 0.059424 0.119329 0.089408 0.068521 0.060944 0.109378 1.91729 1.03186 
840   -20825.1    442.4412681 62 127 0.043950 0.033340 0.114681 0.085167 0.067538 0.080579 0.050766 1.16763 0.987651 
845   -20961.6    57.59067805 57 112 0.063645 0.074554 0.086723 0.068660 0.021557 0.041608 0.048514 0.669679 0.975342 
850   -20941.3    678.7501036 58 69 0.097188 0.072741 0.126330 0.049461 0.003599 0.090534 0.081489 3.45954 1.03646 
855   -21031.2   -27.53492492 119 113 0.050307 0.114723 0.020187 0.096634 0.026691 0.042395 0.073346 2.39312 1.03644 
860   -20779.1    452.8121899 78 25 0.079963 0.053572 0.087434 0.073463 0.084772 0.068173 0.053063 7.90066 1.06359 
865   -20860.9     8.95763244 80 117 0.126544 0.039010 0.103724 0.085760 0.145047 0.039267 0.129371 10.6792 1.04588 
870   -20783.9   -100.0673261 121 24 0.087402 0.068610 0.099913 0.040443 0.069663 0.095333 0.074604 1.5203 0.986445 
875   -20983.1    211.1611767 63 46 0.090254 0.107147 0.053922 0.068326 0.030934 0.118559 0.072549 4.13147 0.988831 
880     -20871    494.8857411 63 5 0.069905 0.083724 0.136890 0.081148 0.076433 0.044378 0.067516 1.61835 0.939688 
885   -21792.2            inf 29 106 0.091359 0.053844 0.044678 0.090241 0.085677 0.089907 0.026941 1.80096 1.03634 
890   -20601.2   -54.22604806 26 63 0.077998 0.092187 0.038260 0.074919 0.088758 0.029713 0.098592 0.989299 0.920372 
895   -20583.1    255.5396527 82 88 0.129568 0.166981 0.028870 0.098789 0.069677 0.009721 0.051531 0.503692 0.989714 
900   -21114.8   -156.0122441 60 70 0.113089 0.016243 0.161257 0.086461 0.075260 0.046550 0.032141 0.0731833 0.970242 