#
# Code will run in posterior sampling mode.
#
# A scale parameter will be fit to the bkg model.
#
# The total number of Gibbs draws is 3600, every 20th draws will be saved.
#
# The model will be fit using the Multi Scale Prior.
#
# The data matrix is 128 by 128.
#
# The data file should contain a  2^7 by 2^7 matrix of counts.
#
# Starting Values for the smoothing parameter (alpha):
# Aggregation Level:  0,   alpha: 0.003 (Full Data)
# Aggregation Level:  1,   alpha: 0.004
# Aggregation Level:  2,   alpha: 0.005
# Aggregation Level:  3,   alpha: 0.006
# Aggregation Level:  4,   alpha: 0.007
# Aggregation Level:  5,   alpha: 0.008
# Aggregation Level:  6,   alpha: 0.009  (In the 2x2 table)
#
# The prior distribution on the total count from the multiscale component is
# Gamma(1.000000, 0.050000).
#
# The hyper-prior smoothing parameter (kappa 2) is 1000.
#
iteration logPost stepSize cycleSpinRow cycleSpinCol smoothingParam0 smoothingParam1 smoothingParam2 smoothingParam3 smoothingParam4 smoothingParam5 smoothingParam6 expectedMSCounts bkgScale 
20   -20604.9    123.7539756 14 55 0.057382 0.097696 0.077830 0.056001 0.143637 0.083139 0.121880 54.9586 0.884916 
40   -20613.5   -378.0014924 112 57 0.051014 0.090231 0.099949 0.142246 0.070142 0.140486 0.134252 41.6633 0.935803 
60       -inf           -inf 125 48 0.049194 0.093341 0.032370 0.038567 0.113657 0.070053 0.052982 24.5799 0.988987 
80   -20958.6   -370.4330215 28 46 0.045342 0.027717 0.020733 0.075128 0.083666 0.141880 0.086005 3.57611 0.945364 
100   -20837.2   -396.1894181 72 125 0.056212 0.096153 0.036032 0.082680 0.095547 0.129291 0.098506 11.4334 0.963938 
120   -20789.6   -121.7414006 30 8 0.079670 0.038874 0.055427 0.073177 0.082465 0.101382 0.031880 19.5464 0.964205 
140     -21285   -49.81375761 34 51 0.031997 0.085249 0.091092 0.136541 0.083272 0.021008 0.059684 4.38167 0.966222 
160   -20984.4    168.9494649 68 80 0.065579 0.046038 0.038210 0.087785 0.031782 0.070149 0.082155 9.93569 0.941328 
180   -20819.5    407.8820299 7 101 0.042075 0.022348 0.117859 0.116800 0.046009 0.100838 0.058945 11.6004 0.953319 
200   -20485.1     67.1434864 121 125 0.064982 0.080082 0.071547 0.121512 0.027523 0.057995 0.073890 8.32937 0.989873 
220   -20746.6    67.10224998 38 98 0.045985 0.066085 0.124823 0.039683 0.179067 0.108731 0.134850 8.58013 0.94554 
240   -21150.4   -704.7186453 67 84 0.067892 0.089727 0.064484 0.051541 0.070224 0.019429 0.077283 13.3778 0.924344 
260   -20116.9    1135.747292 13 67 0.081048 0.084020 0.052494 0.007234 0.062965 0.074838 0.072143 16.1467 0.962091 
280   -20639.6   -139.3411352 84 33 0.100854 0.128110 0.080669 0.117321 0.036399 0.054837 0.093599 9.11688 0.945881 
300   -20493.8    1248.970446 28 98 0.088788 0.066428 0.139934 0.071753 0.114194 0.025012 0.107788 4.86775 0.938749 
320   -21026.1    -380.285166 14 19 0.096778 0.083437 0.022286 0.046340 0.086034 0.026240 0.063775 13.3221 0.978697 
340   -20670.6   -215.6978535 4 14 0.072741 0.090854 0.099235 0.013225 0.043773 0.068379 0.038720 23.7878 0.941001 
360   -20151.3    736.5545649 83 108 0.080859 0.049822 0.072165 0.104579 0.116487 0.048516 0.048914 21.8952 0.947273 
380   -20852.7   -476.7484246 62 84 0.021371 0.106411 0.096699 0.085043 0.064516 0.040196 0.101576 7.22381 0.99689 
400   -21188.4   -55.36903897 41 46 0.037609 0.086948 0.098169 0.080346 0.049466 0.095861 0.059288 5.05642 0.97548 
420   -21005.5    780.5662514 77 65 0.046158 0.017498 0.086122 0.041279 0.099887 0.096287 0.093766 9.59011 0.88067 
440   -21112.9   -396.3131847 27 97 0.001900 0.145588 0.096345 0.107652 0.085659 0.064192 0.082028 13.2243 0.971381 
460     -20306    315.0736677 21 22 0.018766 0.042404 0.051678 0.064878 0.043188 0.128234 0.115528 2.09723 0.926166 
480   -20490.9    92.45505054 111 59 0.026355 0.027527 0.058475 0.027807 0.069317 0.027334 0.080824 0.16181 0.924011 
500   -20659.3   -229.7036274 121 8 0.033563 0.062669 0.077099 0.069453 0.057044 0.089633 0.093891 1.57076 0.965723 
520   -21374.3   -546.6958477 68 0 0.009217 0.051492 0.071699 0.100732 0.122627 0.079407 0.051724 6.74115 0.958555 
540   -21595.7   -511.4082569 50 42 0.082988 0.078515 0.128700 0.127608 0.095785 0.057102 0.124330 10.8399 0.880041 
560   -20761.9    495.4663318 69 58 0.073437 0.050356 0.073740 0.032042 0.164867 0.137566 0.102063 0.5338 0.961735 
580   -20528.5    431.8885761 15 47 0.025746 0.124578 0.109613 0.081672 0.098609 0.016869 0.067355 6.19368 0.944246 
600   -20925.7   -461.4728073 118 43 0.108488 0.163955 0.067795 0.143627 0.030568 0.095277 0.048286 7.83796 0.980359 
620   -21242.8   -749.2741493 48 3 0.019793 0.073960 0.077624 0.178152 0.018003 0.069248 0.047501 3.77752 0.931009 
640   -21099.6   -470.7685393 36 11 0.111112 0.096470 0.018485 0.043674 0.066340 0.022657 0.029975 2.3059 0.95293 
660   -20833.7   -540.3421931 52 91 0.073598 0.122012 0.061703 0.046759 0.086892 0.018956 0.060980 4.29888 0.958428 
680   -20670.4    -56.2995442 92 59 0.019813 0.079468 0.091574 0.107978 0.077789 0.039571 0.084609 2.16903 0.966294 
700   -20672.9    799.4105109 117 29 0.097595 0.064048 0.099216 0.100801 0.171687 0.056725 0.060215 4.56302 0.935258 
720   -20736.8   -236.8666689 67 111 0.061597 0.066082 0.042105 0.089419 0.083553 0.110561 0.098141 13.6171 0.938043 
740   -21082.5    105.1980957 88 32 0.115356 0.039009 0.126332 0.102951 0.078161 0.051549 0.107450 2.75181 0.937407 
760   -20253.1     282.779314 12 56 0.105863 0.107086 0.073024 0.072215 0.138189 0.101084 0.037963 10.1491 0.950043 
780   -20894.8   -568.8931267 51 24 0.045873 0.127578 0.048780 0.024838 0.041740 0.092151 0.051432 10.1285 0.942909 
800       -inf           -inf 121 20 0.068581 0.044397 0.086325 0.050209 0.106109 0.095207 0.051969 7.55361 0.924513 
820   -20739.8    374.6745533 3 56 0.066759 0.093520 0.071211 0.060255 0.108375 0.030231 0.045153 7.68884 0.960682 
840   -20489.3    396.0741013 113 95 0.032000 0.048926 0.158252 0.095216 0.039163 0.056161 0.129666 25.3787 0.958948 
860   -20612.8   -116.7097998 17 83 0.048011 0.054047 0.032057 0.058540 0.159843 0.128432 0.112284 14.5713 0.932805 
880   -21308.9   -925.9743803 22 19 0.142981 0.085939 0.046613 0.120115 0.049441 0.112391 0.046948 9.39554 0.98731 
900   -21397.1   -716.6632645 84 121 0.073579 0.056273 0.075669 0.064627 0.086604 0.047314 0.080012 12.4962 0.934571 
920   -21104.8   -467.6723809 121 123 0.087778 0.075057 0.068118 0.090082 0.039232 0.075218 0.058426 10.786 0.944015 
940   -20795.2    416.7230488 38 111 0.056500 0.113024 0.057399 0.120289 0.142086 0.086497 0.122763 8.34386 0.988214 
960   -20522.7    215.5521023 88 79 0.067659 0.131466 0.110706 0.069911 0.098677 0.041768 0.101931 15.7433 0.936416 
980   -20633.1   -22.15372786 32 75 0.077736 0.072165 0.031958 0.037126 0.035751 0.067837 0.121069 4.01672 0.952522 
1000   -20919.7   -231.1696744 17 94 0.048774 0.087012 0.050481 0.089435 0.115815 0.012710 0.063107 9.54366 0.928132 
1020   -20402.9    429.9130802 122 51 0.024918 0.119388 0.090298 0.037859 0.051632 0.114041 0.076805 8.4693 0.976363 
1040   -20776.1   -39.41158748 22 93 0.080834 0.037401 0.127152 0.049562 0.110611 0.081594 0.075711 5.79436 0.94574 
1060   -20613.9   -182.6793542 10 63 0.063394 0.090370 0.027317 0.113827 0.098204 0.085057 0.086255 16.1224 0.941835 
1080   -21012.6    -58.6513414 114 14 0.079943 0.034424 0.056069 0.059189 0.133386 0.073261 0.076582 9.41826 0.92339 
1100   -20450.8    638.2013054 19 50 0.033092 0.058886 0.137102 0.042804 0.107887 0.114352 0.105227 1.99555 0.985785 
1120       -inf            nan 14 63 0.073839 0.129193 0.110047 0.108867 0.070245 0.073260 0.102969 1.92669 0.930509 
1140   -21593.6   -776.7107149 93 100 0.072061 0.068481 0.033090 0.058782 0.081374 0.081583 0.077078 6.86901 0.988326 
1160   -20347.7    832.5606301 84 67 0.125396 0.109101 0.109733 0.104610 0.124280 0.039957 0.115333 9.10336 0.922716 
1180     -20820    145.8156043 76 72 0.077606 0.087283 0.069735 0.068123 0.089295 0.031472 0.029550 2.53051 1.00501 
1200   -21451.8   -196.3143703 94 73 0.113355 0.135131 0.103797 0.043825 0.042094 0.081225 0.036518 1.51551 1.0069 
1220   -20817.5   -317.3722963 14 93 0.010338 0.064827 0.121330 0.061296 0.054686 0.107722 0.056664 9.29063 0.976856 
1240   -21027.3   -288.8907682 5 2 0.023669 0.076710 0.078611 0.034450 0.085413 0.053635 0.098933 8.93967 0.960971 
1260   -20822.3   -182.1176455 28 59 0.050596 0.034522 0.052322 0.098622 0.064524 0.059633 0.121137 4.62444 0.978981 
1280   -20856.1   -149.5429789 63 0 0.104439 0.092572 0.119993 0.053059 0.008833 0.073855 0.109317 4.81256 0.984451 
1300   -20839.6   -591.5732857 113 3 0.048178 0.078314 0.056282 0.003726 0.103930 0.092197 0.059274 3.36901 0.938725 
1320   -20694.1            inf 53 27 0.016450 0.098763 0.058697 0.045000 0.107242 0.045960 0.106275 2.53588 0.979102 
1340   -21320.4   -983.3919762 113 100 0.110089 0.106616 0.097281 0.043567 0.043390 0.032091 0.125078 1.68803 0.98803 
1360       -inf           -inf 91 41 0.046466 0.047259 0.043749 0.021746 0.040902 0.058137 0.024041 0.573848 0.957045 
1380   -20542.5    576.4444445 116 46 0.161163 0.095724 0.155527 0.106626 0.124665 0.017452 0.055411 12.2879 0.956642 
1400   -20817.4   -228.0279322 3 52 0.016153 0.013015 0.082475 0.081744 0.098181 0.156417 0.140405 14.3413 0.944547 
1420   -20654.3    32.77696057 29 5 0.076709 0.030399 0.040257 0.087216 0.061673 0.079962 0.062377 19.5636 0.958296 
1440   -21138.9   -621.0311228 76 39 0.092953 0.080266 0.073311 0.086770 0.041581 0.040071 0.082040 14.2656 0.938502 
1460   -21090.7   -90.95206519 66 109 0.093029 0.128608 0.071372 0.041757 0.033114 0.126812 0.041231 5.69317 0.957822 
1480   -20627.6    113.8984824 127 32 0.079662 0.053757 0.070011 0.061069 0.122001 0.099457 0.069904 4.76207 0.99477 
1500   -21011.4   -135.8813228 33 75 0.077136 0.042715 0.103827 0.093095 0.043565 0.014398 0.080738 13.8059 0.91771 
1520   -20532.7    125.4657922 93 52 0.033881 0.129212 0.083749 0.142265 0.123251 0.107491 0.075725 15.0391 0.946612 
1540   -20679.3   -187.6900803 98 105 0.083832 0.078056 0.075316 0.104265 0.023134 0.081142 0.102248 12.7046 0.961485 
1560   -20966.7    457.1831188 60 14 0.040089 0.039800 0.084066 0.099681 0.035720 0.151004 0.100514 12.3729 0.932396 
1580   -20645.7    149.0754163 115 40 0.102218 0.046184 0.094735 0.029707 0.099567 0.069951 0.115511 8.89039 0.949265 
1600     -20537   -79.11851177 78 63 0.089412 0.066624 0.031687 0.056651 0.128893 0.069922 0.110422 14.8428 0.953045 
1620   -20411.9            inf 40 115 0.054919 0.134196 0.050240 0.090334 0.048976 0.111387 0.106238 10.7953 0.934026 
1640   -20852.5    117.3316777 17 32 0.062361 0.024661 0.049308 0.061889 0.061729 0.059797 0.152864 15.9477 0.952618 
1660   -21092.9   -109.7599827 35 34 0.016413 0.080973 0.047375 0.012022 0.056875 0.143642 0.034626 3.84757 0.932457 
1680   -20520.6    267.2208587 14 57 0.078550 0.056303 0.058419 0.027340 0.072893 0.126098 0.072798 4.06308 0.967074 
1700       -inf           -inf 30 72 0.122005 0.008228 0.067671 0.166733 0.009611 0.117094 0.087768 5.25543 0.93027 
1720   -20801.3   -38.64283929 101 98 0.165413 0.080159 0.054372 0.099802 0.091950 0.048303 0.112077 2.61386 0.931053 
1740     -21031            inf 116 90 0.125800 0.075069 0.029253 0.065876 0.098076 0.029167 0.129575 7.17688 0.870223 
1760   -21012.7    -299.278038 46 56 0.049403 0.043669 0.085099 0.082496 0.021338 0.023673 0.105715 1.39313 0.945141 
1780   -21209.1    632.8488931 9 42 0.058651 0.049276 0.139749 0.131292 0.084657 0.040086 0.062652 8.56438 0.915252 
1800     -21031   -394.6741978 110 30 0.053021 0.143262 0.084900 0.112812 0.022233 0.059820 0.071944 0.370987 0.993949 
1820     -20731   -162.2103189 71 51 0.061019 0.041288 0.021582 0.126305 0.093205 0.077351 0.079132 2.29481 1.01233 
1840     -20681    124.7445158 126 112 0.049200 0.043200 0.129228 0.045559 0.149818 0.060625 0.086698 15.8407 0.984784 
1860   -20220.3    462.8589015 85 124 0.115402 0.043501 0.116499 0.047569 0.075882 0.100613 0.076107 16.9296 0.948651 
1880   -20502.9    813.5658282 11 126 0.035943 0.074257 0.119617 0.072922 0.049718 0.111947 0.109014 1.13166 0.8886 
1900       -inf           -inf 23 89 0.077155 0.028831 0.086159 0.039992 0.049698 0.037247 0.086307 3.18836 0.950544 
1920   -20446.5            inf 70 108 0.103271 0.047661 0.037071 0.086365 0.040790 0.095686 0.057141 11.2662 0.931269 
1940   -20551.8    234.0791241 61 11 0.026996 0.044238 0.076491 0.067425 0.080768 0.131232 0.145105 4.82777 0.939564 
1960   -21027.2   -198.4808707 60 125 0.024339 0.088980 0.048760 0.063609 0.120437 0.090592 0.098723 11.947 0.975205 
1980   -21739.5   -503.9076609 100 51 0.032562 0.111430 0.114957 0.103573 0.123855 0.083893 0.034662 8.87793 0.921484 
2000   -20638.2    703.0585941 121 76 0.084419 0.020270 0.056035 0.053648 0.058578 0.062762 0.035583 3.15963 0.945735 
2020   -21439.1   -741.9770879 10 69 0.011526 0.064316 0.076291 0.091707 0.062214 0.053207 0.054948 4.46962 0.971945 
2040       -inf           -inf 2 100 0.063286 0.035759 0.106833 0.049572 0.030148 0.033227 0.060002 11.3516 0.939858 
2060   -21045.3   -570.6423444 18 116 0.095115 0.042413 0.035524 0.144989 0.107026 0.057118 0.064166 12.696 1.0077 
2080   -20431.1    549.3640451 105 120 0.134886 0.121373 0.059105 0.083569 0.057120 0.027722 0.058655 19.3201 0.98024 
2100   -20711.3   -449.6744024 75 35 0.046313 0.112018 0.073727 0.041605 0.111401 0.038916 0.111630 24.3884 0.886805 
2120   -20633.8   -170.0547079 125 60 0.106035 0.073322 0.089335 0.119209 0.075602 0.139319 0.064571 12.2665 0.870602 
2140   -20568.6     168.431777 100 44 0.117445 0.054594 0.058172 0.119072 0.073281 0.022976 0.059901 8.96571 0.965607 
2160   -20648.2    394.4155804 15 97 0.066224 0.075783 0.084249 0.076955 0.147540 0.064045 0.079685 7.28735 0.949406 
2180   -20595.8   -76.36142895 56 71 0.116498 0.100512 0.052903 0.093681 0.047235 0.123287 0.048037 8.80599 0.892358 
2200       -inf           -inf 127 118 0.051572 0.112844 0.104889 0.098045 0.102466 0.084337 0.089267 19.3669 0.936243 
2220   -20537.7    552.6223735 101 81 0.097748 0.077430 0.059816 0.046626 0.081958 0.134199 0.033811 6.66354 0.986406 
2240       -inf           -inf 17 14 0.018038 0.028244 0.107254 0.023992 0.081712 0.075907 0.043265 3.52873 0.949126 
2260   -20524.6    342.2868542 96 105 0.114306 0.079062 0.137282 0.039057 0.090002 0.010012 0.073702 6.68818 0.928857 
2280   -20634.3    37.67299918 83 81 0.054685 0.088496 0.108140 0.070410 0.006863 0.087690 0.040051 6.63063 0.915065 
2300     -20579    167.5472154 32 114 0.112432 0.059347 0.063331 0.101133 0.028803 0.094504 0.019592 1.6141 0.933198 
2320   -20721.2    -176.168259 107 110 0.117475 0.021681 0.095237 0.093957 0.078636 0.113059 0.054337 0.557764 0.958821 
2340   -20871.9   -416.5125712 43 37 0.048688 0.102712 0.061873 0.063133 0.064526 0.093484 0.082815 1.18708 0.979015 
2360     -20599   -9.238398782 39 97 0.105024 0.095755 0.064950 0.097661 0.063884 0.079144 0.029257 10.7502 0.976433 
2380   -20615.2   -417.0741289 44 4 0.068390 0.092367 0.010954 0.130082 0.087732 0.081181 0.058752 15.9852 0.923513 
2400   -21360.4   -387.7151209 69 83 0.039597 0.107226 0.151216 0.100398 0.099504 0.073075 0.021596 17.0222 0.941363 
2420   -20753.4   -2.561491771 68 97 0.030410 0.101005 0.064574 0.022029 0.059838 0.016950 0.103276 11.559 0.976278 
2440   -20635.1   -528.6060793 94 110 0.038887 0.023515 0.126142 0.085378 0.085290 0.052635 0.048867 14.1402 0.924654 
2460   -20675.8            inf 15 36 0.077296 0.048238 0.110636 0.092834 0.070983 0.073019 0.136089 12.7404 0.935788 
2480   -20293.4    776.1827444 40 49 0.139266 0.050728 0.103097 0.045890 0.045985 0.023751 0.023780 11.9938 0.953088 
2500   -21176.9   -666.2544877 9 23 0.069488 0.031234 0.057136 0.055578 0.062954 0.041588 0.069940 5.3894 0.963521 
2520   -20664.1    40.61516137 54 91 0.005342 0.046626 0.017137 0.050279 0.032068 0.109331 0.100701 10.0907 0.956864 
2540   -20446.2    308.3065975 108 3 0.097782 0.035905 0.138984 0.037433 0.084262 0.127677 0.056766 19.1825 0.944246 
2560   -20419.3            inf 11 84 0.113030 0.075777 0.044375 0.089588 0.088686 0.135619 0.118220 23.5681 0.849349 
2580   -21025.8   -360.7622667 79 96 0.048329 0.109503 0.084657 0.075316 0.111848 0.024046 0.130531 6.42916 0.989743 
2600   -21056.6   -392.1516167 79 117 0.052596 0.037116 0.102367 0.112615 0.060048 0.083130 0.111008 18.0568 0.934289 
2620       -inf           -inf 97 105 0.069618 0.145543 0.002674 0.076382 0.057521 0.107914 0.033216 4.45814 0.990191 
2640     -20863     29.9117843 28 75 0.029270 0.092261 0.085381 0.071763 0.044000 0.071281 0.116723 8.23819 0.917541 
2660   -20883.5   -188.7763369 98 3 0.085163 0.100321 0.057870 0.107092 0.066558 0.051572 0.117661 0.715982 0.969653 
2680   -21214.1   -309.2851093 20 114 0.036599 0.125417 0.058813 0.033837 0.050412 0.079402 0.100360 2.25366 0.924679 
2700     -20956    228.0550679 64 27 0.036383 0.037842 0.095014 0.024287 0.104440 0.090307 0.114984 2.47203 0.901382 
2720   -21401.1   -912.0896559 111 126 0.075252 0.080023 0.106729 0.120059 0.107020 0.120104 0.038848 4.65939 0.916835 
2740   -20728.4   -362.0718694 39 84 0.116434 0.051987 0.025188 0.030556 0.090481 0.042556 0.148678 0.349245 0.907063 
2760   -20771.5     424.712379 59 86 0.091783 0.022153 0.096795 0.066239 0.123111 0.040868 0.035479 7.69973 0.956217 
2780   -20720.3   -32.59383275 116 52 0.079854 0.058421 0.112237 0.074368 0.021422 0.072030 0.074625 11.6564 0.935797 
2800     -20531    75.86125544 94 122 0.073145 0.029205 0.041063 0.079202 0.100034 0.108415 0.070859 9.4379 0.937946 
2820   -21082.3    -731.851942 55 38 0.069952 0.027512 0.042039 0.095014 0.040607 0.090930 0.077049 6.76452 0.926146 
2840   -20862.7   -391.4229197 106 15 0.033865 0.094271 0.140333 0.036031 0.008644 0.038667 0.103567 6.53478 0.957882 
2860   -21356.9    175.8535887 19 100 0.038931 0.129655 0.074248 0.029559 0.060876 0.056185 0.126853 0.63838 0.966153 
2880   -20914.4   -38.36738293 83 118 0.084244 0.085684 0.074469 0.113428 0.014974 0.069532 0.049145 1.31374 0.952807 
2900   -21216.8    -446.190735 45 80 0.083331 0.074445 0.089618 0.061369 0.078303 0.019396 0.128756 7.29527 0.96296 
2920   -21354.2   -769.9246506 104 33 0.091570 0.093516 0.006262 0.044659 0.107664 0.083306 0.056704 0.823715 0.953542 
2940     -20758   -247.5679602 42 65 0.044387 0.082303 0.056554 0.007926 0.057654 0.101539 0.007391 6.88803 0.950639 
2960   -20627.2    328.0629274 95 98 0.132947 0.084218 0.071355 0.109223 0.047015 0.131258 0.047162 4.28933 0.952614 
2980   -21248.1   -530.7803037 1 1 0.148022 0.087487 0.126213 0.040109 0.026643 0.091427 0.044718 2.45878 0.946077 
3000   -21247.5    2.438562382 54 94 0.037945 0.057888 0.082633 0.076307 0.043151 0.084138 0.131657 7.49175 0.952057 
3020   -20910.7    -477.444444 33 65 0.098024 0.054445 0.107351 0.064449 0.092531 0.080255 0.076825 7.19223 0.981598 
3040   -21041.4   -278.6590021 31 59 0.049450 0.029846 0.141542 0.045088 0.055492 0.100021 0.074626 1.114 0.939237 
3060   -20464.9    131.0364901 56 84 0.074198 0.085042 0.073331 0.046549 0.130148 0.033359 0.061966 2.29804 0.968185 
3080   -20574.9    488.6387309 19 6 0.004855 0.149647 0.112658 0.046746 0.124163 0.106325 0.102688 0.186915 0.993159 
3100   -21215.6   -239.7318185 49 91 0.058717 0.145128 0.139591 0.132938 0.019811 0.063434 0.062555 8.3778 0.973292 
3120   -20477.2            inf 80 121 0.088404 0.065048 0.077081 0.103324 0.048764 0.029922 0.110959 19.2121 0.942555 
3140   -20936.5    163.4248905 3 28 0.065204 0.114181 0.094700 0.095245 0.061907 0.032757 0.058330 2.89794 0.927677 
3160   -20299.7    172.5907271 55 117 0.067811 0.097221 0.017251 0.130774 0.053119 0.043022 0.084829 1.44258 0.994285 
3180   -20677.6    434.3540816 116 78 0.006984 0.120551 0.057390 0.133821 0.095229 0.052736 0.085101 1.90684 0.937121 
3200   -20591.4    634.2732568 68 25 0.014712 0.072158 0.081391 0.069951 0.026574 0.042275 0.047776 6.01429 0.922909 
3220       -inf            nan 39 32 0.147794 0.095257 0.047891 0.035732 0.100067 0.110459 0.018589 3.7373 0.932023 
3240   -20469.3   -121.7444743 40 65 0.108143 0.037055 0.084625 0.018330 0.086553 0.065406 0.065200 7.01768 0.944229 
3260   -20768.2   -97.60965781 16 75 0.060595 0.056522 0.101019 0.161251 0.085353 0.098639 0.115137 5.7415 0.920296 
3280   -21085.8   -196.9880032 77 20 0.046833 0.110558 0.076626 0.111161 0.112764 0.064361 0.060757 4.26823 0.974062 
3300   -20488.7     410.478577 69 0 0.017989 0.076252 0.063511 0.066177 0.107675 0.080144 0.083546 2.40106 0.94597 
3320   -20864.9   -411.4378348 22 52 0.054603 0.087328 0.005527 0.029356 0.006006 0.032656 0.109619 2.91353 0.988672 
3340     -20636   -69.44405899 26 99 0.036700 0.062681 0.111022 0.143204 0.153150 0.102750 0.060564 10.8405 0.960064 
3360   -20879.6   -180.1965053 50 12 0.061998 0.014126 0.100455 0.096434 0.030898 0.095937 0.064231 12.2039 0.935445 
3380   -20571.5    162.5487904 107 73 0.092261 0.043135 0.120806 0.081473 0.064895 0.089991 0.069358 6.98666 0.995466 
3400   -20635.5   -179.4913956 114 109 0.048731 0.091973 0.084743 0.049582 0.063492 0.094020 0.044903 3.2459 0.956291 
3420   -21412.8   -853.9733872 14 106 0.062691 0.084953 0.061630 0.039978 0.163701 0.118958 0.103097 2.73192 0.955484 
3440   -21193.6   -244.7493569 30 82 0.111329 0.021834 0.045176 0.094091 0.059565 0.026984 0.097263 4.55801 0.962618 
3460   -20843.4   -631.9590256 76 105 0.016098 0.149225 0.095870 0.034935 0.055760 0.057645 0.042980 0.464815 0.96362 
3480   -21049.2   -455.5488176 82 53 0.031614 0.103549 0.106491 0.063782 0.072590 0.094384 0.108258 2.25293 0.954581 
3500   -21460.8    -450.804058 0 42 0.051516 0.030752 0.066171 0.036159 0.101193 0.112176 0.108764 13.6355 0.91089 
3520   -20826.4   -230.4853935 119 96 0.105512 0.085589 0.085168 0.048748 0.083137 0.127922 0.091708 9.17201 0.899423 
3540   -20879.1            inf 107 120 0.009307 0.026378 0.025289 0.096945 0.032679 0.122489 0.090779 9.49377 0.981148 
3560   -20758.2   -144.8757419 12 108 0.103221 0.040283 0.027580 0.066826 0.056836 0.050158 0.042556 6.11194 0.958925 
3580       -inf           -inf 86 9 0.031005 0.048909 0.042927 0.048693 0.100594 0.058854 0.166015 4.55942 0.983862 
3600   -20749.3    -63.2143757 124 77 0.070529 0.080712 0.095401 0.077568 0.082017 0.050727 0.117162 1.26565 0.953412 