#
# Code will run in posterior sampling mode.
#
# A scale parameter will be fit to the bkg model.
#
# The total number of Gibbs draws is 3600, every 20th draws will be saved.
#
# The model will be fit using the Multi Scale Prior.
#
# The data matrix is 128 by 128.
#
# The data file should contain a  2^7 by 2^7 matrix of counts.
#
# Starting Values for the smoothing parameter (alpha):
# Aggregation Level:  0,   alpha: 0.03 (Full Data)
# Aggregation Level:  1,   alpha: 0.04
# Aggregation Level:  2,   alpha: 0.05
# Aggregation Level:  3,   alpha: 0.06
# Aggregation Level:  4,   alpha: 0.07
# Aggregation Level:  5,   alpha: 0.08
# Aggregation Level:  6,   alpha: 0.09  (In the 2x2 table)
#
# The prior distribution on the total count from the multiscale component is
# Gamma(1.000000, 0.050000).
#
# The hyper-prior smoothing parameter (kappa 2) is 1000.
#
iteration logPost stepSize cycleSpinRow cycleSpinCol smoothingParam0 smoothingParam1 smoothingParam2 smoothingParam3 smoothingParam4 smoothingParam5 smoothingParam6 expectedMSCounts bkgScale 
20       -inf           -inf 120 76 0.021674 0.061294 0.154339 0.206000 0.182377 0.157663 0.093901 264.069 0.78083 
40   -21181.6   -236.1236855 35 23 0.029473 0.106374 0.110647 0.126780 0.148782 0.122319 0.100464 59.5742 0.957012 
60   -20672.6            inf 17 97 0.066638 0.066206 0.053499 0.132541 0.044098 0.132062 0.079819 24.0661 0.974973 
80     -20920    -146.476217 12 53 0.022583 0.115464 0.058860 0.110617 0.184609 0.036757 0.052173 12.4981 0.971363 
100   -20809.3    152.6645468 102 9 0.080507 0.040720 0.083965 0.127489 0.124099 0.051061 0.094172 4.64842 1.02607 
120   -20576.4    874.6260963 90 81 0.016913 0.005956 0.074512 0.070830 0.102413 0.104469 0.122370 20.0966 0.98764 
140   -21021.6   -500.6804797 97 87 0.061585 0.050735 0.041644 0.145867 0.048008 0.049470 0.119414 0.40433 0.97099 
160   -20909.2   -5.715772557 106 12 0.085714 0.075875 0.080995 0.050711 0.054022 0.095626 0.050849 4.78902 0.964847 
180   -21256.2   -802.0585394 71 39 0.078414 0.047808 0.072600 0.075915 0.093934 0.136642 0.033584 10.3878 0.979181 
200   -20937.5   -457.2082298 85 23 0.041656 0.090637 0.074118 0.050101 0.072157 0.040932 0.075596 5.91352 1.06309 
220   -20882.2     320.799585 74 26 0.041062 0.011074 0.034958 0.094125 0.022712 0.048376 0.104440 3.41981 0.944644 
240   -21074.2    106.0139812 9 75 0.072357 0.070141 0.069310 0.031611 0.052257 0.049888 0.088368 1.20087 0.998223 
260   -21542.2   -969.1420604 41 38 0.006508 0.048330 0.101532 0.093773 0.081582 0.042072 0.045200 2.80258 1.00553 
280   -20872.1   -193.7798164 103 107 0.077221 0.094871 0.124759 0.060460 0.048245 0.013890 0.031312 15.8941 0.998804 
300   -20930.4   -255.8902314 76 64 0.053050 0.039121 0.063552 0.051219 0.065578 0.082936 0.155989 6.65982 0.975524 
320   -21293.4   -667.9787575 62 105 0.073293 0.104258 0.077431 0.154246 0.119936 0.059548 0.078935 22.6711 1.00007 
340   -20620.5    206.3782755 51 83 0.060950 0.047380 0.045904 0.155351 0.089319 0.027732 0.151508 16.5152 0.956416 
360   -21072.3    126.1983334 77 117 0.020082 0.103519 0.079654 0.095243 0.017229 0.082501 0.131449 1.6643 1.07287 
380   -20525.2    474.7503253 64 72 0.090771 0.051249 0.111071 0.041025 0.050832 0.034934 0.043607 3.99291 0.999917 
400   -20808.2    157.0155908 16 3 0.084535 0.036309 0.091944 0.035993 0.106903 0.080885 0.085402 8.72782 0.979464 
420   -21079.8   -115.2131379 96 86 0.086425 0.076562 0.047681 0.128369 0.040462 0.049026 0.062136 8.5252 0.993222 
440   -20949.5    138.4417161 75 5 0.083920 0.056500 0.091137 0.075563 0.102840 0.054837 0.101244 1.39592 1.0094 
460       -inf           -inf 45 48 0.046795 0.063831 0.129101 0.090830 0.100513 0.018309 0.091803 2.60871 0.990834 
480   -21149.8   -309.1121311 51 48 0.049659 0.016327 0.120029 0.078104 0.084425 0.110359 0.110138 0.366976 0.966667 
500   -20566.5    139.7210199 23 60 0.012477 0.080336 0.113147 0.059164 0.068163 0.078566 0.107439 3.04845 1.01456 
520   -20712.3   -57.19562378 16 101 0.045721 0.085773 0.081992 0.058075 0.139779 0.047838 0.029211 2.44144 1.0585 
540   -21117.3    -185.287811 5 19 0.087861 0.078855 0.105240 0.040569 0.069808 0.106663 0.054563 7.00878 0.942997 
560     -21018    75.08064895 98 65 0.053250 0.067991 0.033936 0.047177 0.095565 0.081005 0.135241 9.26056 0.965895 
580   -21517.9   -224.4232015 19 107 0.115817 0.024500 0.136656 0.027519 0.096798 0.123856 0.116074 10.6483 1.02218 
600   -20765.1            inf 125 80 0.042294 0.037585 0.028970 0.074135 0.096562 0.086946 0.122069 9.4644 1.01097 
620   -20798.9   -35.77897257 10 107 0.080775 0.019449 0.058336 0.112882 0.077674 0.008808 0.047252 2.13688 0.993674 
640   -20702.6   -79.09636225 83 114 0.064432 0.120859 0.086012 0.046171 0.092062 0.052605 0.060398 1.20282 0.97109 
660   -20719.5    62.27399917 105 8 0.015631 0.032717 0.038549 0.085841 0.068068 0.150341 0.105744 1.83356 0.978355 
680   -20468.2    376.2972432 91 18 0.039061 0.152482 0.061823 0.099277 0.037252 0.099032 0.100605 0.883735 1.03528 
700   -21120.4   -340.2100342 87 84 0.025269 0.058704 0.074276 0.011354 0.139809 0.027084 0.081387 7.94928 0.944273 
720   -21227.5   -567.8144236 25 19 0.098927 0.086232 0.077570 0.047504 0.097174 0.108883 0.053946 12.7804 1.01008 
740   -21042.9    293.8770869 71 57 0.130226 0.173191 0.042190 0.049904 0.065941 0.089437 0.085984 11.7896 0.953137 
760   -20478.7    611.8678789 118 72 0.115422 0.070225 0.063034 0.069574 0.062014 0.041860 0.071387 15.5283 0.991286 
780   -20686.9            inf 6 14 0.070122 0.048942 0.087718 0.068397 0.131510 0.066934 0.051959 2.50725 0.978816 
800       -inf           -inf 56 54 0.077414 0.068569 0.081479 0.089716 0.056509 0.088817 0.127107 7.04119 0.96449 
820   -20637.7            inf 21 52 0.090647 0.162417 0.105120 0.090286 0.097440 0.066205 0.097525 7.16127 0.954371 
840       -inf           -inf 36 105 0.017302 0.062319 0.102319 0.064969 0.070412 0.061290 0.057321 5.7358 1.01727 
860   -20712.2   -177.4820535 33 42 0.028048 0.106528 0.068008 0.073856 0.011628 0.087209 0.110261 7.41086 0.920989 
880   -20519.9            inf 10 42 0.183775 0.052647 0.049725 0.014280 0.063073 0.080040 0.109663 3.67675 1.01012 
900   -20908.7   -23.06374429 115 64 0.075945 0.044732 0.070544 0.076898 0.091100 0.076457 0.076009 5.85583 0.963144 
920     -20759            inf 109 52 0.053382 0.080267 0.062509 0.119115 0.082145 0.110112 0.048931 18.8919 0.985341 
940   -20913.7            inf 48 24 0.090889 0.067934 0.086610 0.104762 0.085279 0.063381 0.063890 5.52558 1.01818 
960   -20778.5   -187.5338646 12 50 0.067312 0.071957 0.040476 0.037578 0.070520 0.067649 0.082583 0.741248 0.956835 
980   -20699.4   -182.8770588 8 25 0.135003 0.045334 0.019383 0.073228 0.098589 0.069437 0.091284 2.14235 0.99852 
1000   -21102.9   -290.8177357 108 98 0.051207 0.079142 0.073465 0.071309 0.093818 0.082811 0.046879 1.69843 0.985677 
1020   -20822.8   -73.73436939 34 49 0.079318 0.051732 0.039398 0.078154 0.067828 0.079019 0.098232 4.62435 1.0408 
1040   -21111.1   -224.3820057 40 78 0.104799 0.066483 0.069719 0.130544 0.079134 0.077477 0.053074 2.46821 0.980534 
1060   -20794.4    569.8950267 60 103 0.072068 0.057398 0.062139 0.114408 0.085452 0.057779 0.172187 8.09259 1.01078 
1080   -21233.1   -383.1334409 46 64 0.077153 0.098694 0.076219 0.026551 0.098499 0.050367 0.101054 7.46054 1.01475 
1100   -20469.1    323.1702899 72 5 0.031112 0.008320 0.015531 0.107566 0.104598 0.053272 0.069032 0.409402 0.994746 
1120     -20579    660.2528397 44 125 0.040280 0.038186 0.175197 0.047238 0.026056 0.152325 0.029940 1.7532 0.988391 
1140   -21365.7   -111.7318081 45 94 0.062771 0.067781 0.009765 0.080329 0.067910 0.097303 0.131554 3.34582 0.977607 
1160   -21525.6   -558.1811292 53 106 0.123176 0.049046 0.020240 0.084560 0.005952 0.090735 0.044431 1.33542 0.962551 
1180   -20443.4    201.5376063 30 11 0.090534 0.096306 0.076325 0.102573 0.099389 0.119881 0.083594 2.68979 0.983136 
1200   -21181.6    76.15906528 86 61 0.052262 0.040137 0.005407 0.039373 0.052904 0.080350 0.058597 0.793195 0.973272 
1220   -20939.8   -319.5152894 95 86 0.082857 0.118968 0.061424 0.093181 0.147307 0.160861 0.094683 2.64908 0.987509 
1240   -20412.9    549.5233139 15 21 0.046795 0.052383 0.095566 0.028378 0.076565 0.059117 0.083304 9.39358 0.959599 
1260   -20985.6    27.21812993 2 35 0.108196 0.122765 0.116452 0.078734 0.027998 0.140422 0.077437 12.6116 0.993645 
1280   -21184.4    -26.4457028 83 41 0.030764 0.103149 0.109397 0.070820 0.096894 0.088788 0.078725 4.15084 1.00987 
1300   -21132.6   -162.5546909 126 43 0.027397 0.113583 0.066702 0.091506 0.034885 0.061685 0.003897 4.89845 0.975165 
1320   -20695.9    86.79075879 124 87 0.086069 0.067560 0.078058 0.021479 0.075366 0.062560 0.077188 3.77295 0.946815 
1340   -20924.5   -242.9916495 24 27 0.051516 0.078260 0.007550 0.016945 0.071572 0.036651 0.080800 7.94742 0.946322 
1360   -20531.5    545.3032381 85 126 0.038826 0.113436 0.087201 0.028162 0.088405 0.085391 0.050857 4.93408 0.961916 
1380     -21019   -281.3213809 58 87 0.078021 0.073620 0.056904 0.075392 0.090265 0.058099 0.114197 14.2147 0.966372 
1400   -20536.4    346.5858595 44 105 0.024905 0.032861 0.079927 0.083634 0.092557 0.100627 0.026016 4.58201 1.0126 
1420   -20510.6    51.07422113 86 108 0.062218 0.069694 0.027334 0.062472 0.077470 0.160367 0.057584 1.50296 1.03077 
1440   -20906.7    -218.747466 4 65 0.042722 0.111532 0.139616 0.086826 0.022321 0.120749 0.104587 7.78381 1.02258 
1460     -20473    835.1372644 47 86 0.034685 0.098796 0.140494 0.046591 0.079139 0.078244 0.022330 0.893852 0.996992 
1480     -20534   -17.99070135 108 17 0.095008 0.075727 0.060697 0.033957 0.045362 0.050803 0.075797 7.13701 1.00515 
1500   -20789.3   -295.5775468 6 124 0.076513 0.091347 0.078407 0.063799 0.071015 0.162806 0.024799 7.83215 0.98762 
1520   -20733.7    35.26108872 33 86 0.070876 0.100184 0.028524 0.076824 0.050230 0.082403 0.012764 13.5672 1.01603 
1540   -20533.5    90.68542458 94 65 0.034433 0.066285 0.033091 0.049622 0.059363 0.111241 0.065146 5.63323 0.960996 
1560   -20973.4     196.394352 31 98 0.103732 0.048744 0.073338 0.034487 0.063493 0.042370 0.100266 2.04349 1.0341 
1580   -21060.4   -333.4015005 61 118 0.124916 0.031462 0.034214 0.073927 0.058416 0.106651 0.043027 9.38181 0.950187 
1600   -20446.5    749.9745228 68 98 0.112490 0.058106 0.094563 0.054606 0.082809 0.078295 0.028140 1.7565 0.976807 
1620   -21389.8   -650.4724113 119 126 0.096610 0.024705 0.094870 0.114666 0.080223 0.156009 0.144046 3.8084 1.04512 
1640   -20587.2    123.7134104 38 85 0.039751 0.089286 0.044045 0.113990 0.101437 0.089585 0.052380 1.59256 0.98468 
1660   -20769.7   -216.3984835 38 16 0.047072 0.058298 0.081630 0.082919 0.008654 0.052756 0.098700 3.96655 0.984972 
1680   -20990.6    -138.191341 96 72 0.054564 0.074965 0.011196 0.134671 0.040761 0.065804 0.060624 9.62683 0.993724 
1700   -20365.6    614.0055408 40 119 0.075763 0.115072 0.039341 0.059898 0.097944 0.104475 0.120039 7.98247 0.977863 
1720   -21089.3   -567.9343286 101 16 0.068079 0.036438 0.092557 0.070628 0.031538 0.087372 0.080544 3.84325 1.01639 
1740   -21017.8   -49.59917983 44 113 0.079317 0.122681 0.061996 0.103684 0.086009 0.043637 0.103052 10.2607 0.949679 
1760   -20833.1    385.8365248 87 6 0.138713 0.010320 0.036798 0.052322 0.130488 0.084272 0.097415 0.351229 0.992381 
1780   -21049.4   -227.4235037 5 29 0.048691 0.101175 0.050500 0.114480 0.006832 0.077356 0.081633 1.23565 1.01631 
1800   -20875.4     135.909783 67 120 0.141862 0.075320 0.054035 0.086491 0.104978 0.098423 0.089749 0.135652 0.977867 
1820   -20703.4    575.9503151 97 94 0.053775 0.101429 0.099852 0.091365 0.045942 0.153544 0.103906 7.37221 0.996335 
1840   -20397.5     530.903542 109 13 0.034217 0.063584 0.030491 0.048304 0.110191 0.091057 0.033088 4.89504 0.976833 
1860   -21785.4   -891.5665405 102 99 0.059501 0.064578 0.057209 0.083317 0.044808 0.117215 0.080462 3.90931 0.981229 
1880     -20759    162.7132573 84 67 0.065966 0.033108 0.095045 0.064703 0.101625 0.052540 0.065062 20.2611 1.00157 
1900   -20909.6   -96.05706471 59 82 0.052219 0.053097 0.112185 0.072461 0.151721 0.098962 0.086949 18.4518 0.987791 
1920   -20883.9   -179.6801043 53 125 0.010478 0.058611 0.092400 0.074204 0.096622 0.044325 0.075233 3.30409 0.97256 
1940   -21035.9   -281.8581563 81 67 0.051132 0.105904 0.090930 0.083870 0.082259 0.117774 0.120819 4.63765 0.96573 
1960   -20590.2            inf 88 95 0.011055 0.069675 0.031173 0.102032 0.086275 0.037964 0.040598 0.193973 0.961282 
1980   -20960.3    216.2118413 30 37 0.128214 0.085624 0.046992 0.065938 0.031836 0.059167 0.074495 9.12834 0.965331 
2000   -20567.7     215.505653 102 27 0.061129 0.040592 0.083073 0.019463 0.093999 0.075717 0.044931 10.4636 0.983664 
2020   -21166.4   -23.01358827 41 8 0.074136 0.023834 0.033693 0.033970 0.089798 0.091160 0.111701 4.30267 0.936998 
2040   -21484.6   -739.6865642 31 69 0.022517 0.100305 0.101693 0.027085 0.015348 0.104932 0.050873 20.9566 1.0096 
2060   -20955.9    145.4553691 24 105 0.104554 0.040971 0.109086 0.091847 0.104106 0.064493 0.165476 9.03768 0.995366 
2080   -20725.3     83.3078223 32 65 0.119108 0.068027 0.094611 0.044061 0.038360 0.023459 0.077357 5.13381 0.979663 
2100   -20789.3    27.84310251 114 65 0.073646 0.106112 0.077422 0.090614 0.097586 0.142395 0.083863 9.90194 0.978725 
2120   -22010.9   -1285.966298 3 120 0.031608 0.101776 0.107046 0.083028 0.108471 0.129593 0.091876 12.4289 0.978309 
2140   -20524.2    195.5390427 20 82 0.054481 0.074755 0.033935 0.117615 0.073055 0.056136 0.007029 4.6362 0.981883 
2160   -20832.2    337.7248078 16 123 0.039225 0.128158 0.032996 0.034813 0.051565 0.162952 0.045283 0.633619 0.969589 
2180   -20846.9    447.6964416 51 37 0.113862 0.066305 0.112966 0.025840 0.118832 0.076116 0.143258 2.22297 1.02206 
2200   -20837.3    513.0671847 43 21 0.051195 0.143264 0.063113 0.055508 0.052438 0.036582 0.105473 1.57239 0.997342 
2220   -21235.4     605.517471 33 31 0.036122 0.093923 0.136114 0.057394 0.011118 0.048992 0.048081 13.2091 0.954081 
2240   -20586.9            inf 20 63 0.086712 0.112242 0.096894 0.079730 0.030399 0.131582 0.060257 3.44889 1.03141 
2260   -20521.6    365.7708399 88 36 0.056112 0.030056 0.092469 0.109939 0.091760 0.047924 0.153721 3.87944 1.0006 
2280   -20837.7    6.616087707 6 118 0.120067 0.096353 0.083066 0.129287 0.071703 0.040300 0.048411 2.27352 1.00888 
2300     -21498            inf 86 45 0.071539 0.109612 0.046773 0.030034 0.066378 0.120940 0.067204 5.66606 0.937831 
2320   -20716.7    202.4345909 37 91 0.017576 0.062440 0.028178 0.050235 0.016205 0.021365 0.059483 2.59235 0.980426 
2340   -20846.2    17.91341563 65 113 0.104086 0.064047 0.050726 0.103487 0.016687 0.098189 0.075419 6.58345 1.00868 
2360   -20590.1    40.79224801 120 55 0.091261 0.073061 0.165491 0.100521 0.056497 0.082755 0.079855 1.97869 0.964978 
2380   -20769.5   -193.6227752 40 38 0.090483 0.075983 0.072374 0.075756 0.084381 0.070552 0.093723 4.6332 0.998549 
2400   -20859.8            inf 23 95 0.075710 0.076942 0.025582 0.085493 0.078639 0.023900 0.021850 5.49096 1.02102 
2420   -20855.5            inf 12 91 0.097381 0.109981 0.119410 0.062479 0.163728 0.073326 0.062109 6.92704 1.01401 
2440   -21014.8   -249.4715539 50 9 0.070728 0.046638 0.054372 0.074021 0.112640 0.135557 0.161010 11.41 0.97635 
2460   -20537.9    1128.951473 35 126 0.056271 0.146056 0.048216 0.101443 0.060293 0.075341 0.049310 2.83044 1.00919 
2480   -21006.5    144.7814135 89 14 0.061294 0.062539 0.015918 0.125677 0.037094 0.035482 0.064683 1.57688 0.972193 
2500   -20712.1   -56.80240037 26 0 0.050645 0.097782 0.095062 0.038267 0.109444 0.101458 0.047529 17.6397 0.956661 
2520   -20409.1   -88.05403353 116 117 0.100023 0.051030 0.108637 0.065022 0.063100 0.007773 0.040974 6.90989 0.995809 
2540   -21093.4   -402.2020925 108 88 0.073797 0.066570 0.054915 0.022363 0.076734 0.055642 0.085010 9.1597 1.02456 
2560   -21214.2   -119.1616678 23 24 0.072722 0.147664 0.083164 0.067379 0.098038 0.061237 0.114276 14.7747 0.918969 
2580   -21108.3   -258.6418283 26 41 0.084441 0.066014 0.091235 0.101604 0.101674 0.133443 0.077866 8.14969 0.920185 
2600   -20625.2    202.5412532 55 14 0.082490 0.037700 0.096774 0.067142 0.117339 0.038884 0.085967 18.628 0.930457 
2620   -20802.1    283.3544576 0 55 0.096820 0.078022 0.030331 0.070331 0.068329 0.103162 0.142193 7.29527 0.961488 
2640   -20769.7    405.3055567 69 94 0.109378 0.042110 0.064028 0.053099 0.082756 0.112102 0.060433 1.01897 0.974888 
2660   -21110.8            inf 27 110 0.048119 0.116948 0.083779 0.071771 0.044351 0.053204 0.084991 4.85321 1.0229 
2680   -20909.1   -211.6916552 42 70 0.058477 0.047223 0.042528 0.038510 0.033387 0.064819 0.118183 17.5042 0.941892 
2700   -20805.6    1189.077844 59 34 0.074201 0.106111 0.039080 0.047480 0.075103 0.069004 0.092581 4.28176 1.02255 
2720   -21370.5   -493.4383102 1 68 0.138406 0.034518 0.073513 0.135184 0.050317 0.093209 0.087385 17.0738 1.0404 
2740   -20589.6    185.9975927 113 29 0.061829 0.065135 0.053552 0.062669 0.077414 0.031636 0.098398 5.07894 0.977483 
2760     -20994    -443.590919 78 80 0.040170 0.124940 0.114390 0.109636 0.049773 0.060603 0.117724 2.4085 0.984695 
2780   -20939.6   -226.1880916 100 127 0.116159 0.090951 0.133258 0.112069 0.092005 0.092534 0.053908 4.39804 1.01693 
2800   -21025.3   -102.2979858 80 38 0.113140 0.106928 0.040300 0.047586 0.072268 0.009574 0.012375 7.33326 0.993457 
2820   -20483.4    609.9133446 84 69 0.115651 0.077245 0.070492 0.045183 0.032853 0.113784 0.119554 10.5659 1.00094 
2840   -21387.8   -255.1400075 88 65 0.077259 0.107256 0.078379 0.134986 0.062817 0.014581 0.058562 8.56968 0.960334 
2860   -21669.1   -680.4907376 123 18 0.072084 0.098784 0.045585 0.076033 0.047418 0.094561 0.098552 9.96727 0.983826 
2880   -21132.8   -578.0542932 71 35 0.072608 0.121918 0.069083 0.046760 0.057193 0.027213 0.063990 0.366493 0.995761 
2900   -21274.1    -642.694533 8 125 0.143116 0.134016 0.066005 0.013293 0.101228 0.039251 0.063114 3.78941 0.964929 
2920   -21322.4   -677.8699183 112 80 0.097976 0.102650 0.046696 0.054480 0.054704 0.056313 0.058291 11.4807 0.944787 
2940     -21007   -335.8548376 50 56 0.023807 0.156580 0.065290 0.093098 0.112125 0.058955 0.086791 1.13322 0.972594 
2960   -20593.1    405.4190176 110 18 0.068365 0.027510 0.082687 0.119353 0.116700 0.064306 0.104486 17.4271 0.994761 
2980   -20616.9    539.0949187 118 92 0.101615 0.074636 0.077357 0.037979 0.100541 0.035450 0.051753 8.57479 0.971298 
3000   -21134.7   -458.3710131 121 103 0.035722 0.070173 0.018370 0.104418 0.112306 0.111592 0.054865 7.62879 0.968826 
3020   -21509.1   -270.1500493 43 51 0.053336 0.043202 0.146069 0.070810 0.089591 0.071402 0.150705 5.62874 1.00281 
3040       -inf           -inf 17 105 0.099387 0.114516 0.090219 0.114111 0.106231 0.093205 0.050183 0.103806 0.969695 
3060   -21083.7   -4.656353531 23 105 0.075103 0.086804 0.074902 0.069784 0.123702 0.089513 0.071590 13.5626 1.00359 
3080   -20424.2    932.6396976 25 68 0.078198 0.049977 0.052957 0.049039 0.049973 0.080812 0.130348 7.81331 0.988076 
3100     -20652    348.5934724 11 86 0.105527 0.040365 0.056374 0.030665 0.058926 0.044368 0.093061 25.2303 0.949784 
3120   -21693.5   -154.3254529 47 125 0.058661 0.045724 0.028564 0.089826 0.079818 0.127964 0.080081 3.4768 1.00473 
3140   -20853.3   -298.0285056 64 115 0.093135 0.096061 0.118735 0.080519 0.087379 0.115024 0.018291 0.296757 1.01679 
3160   -21146.7   -614.1649623 67 89 0.099349 0.062541 0.039871 0.086155 0.091688 0.068295 0.079197 3.1354 1.01498 
3180   -21195.3   -508.1751339 13 50 0.090571 0.031648 0.059768 0.072452 0.097900 0.042020 0.092305 13.4955 0.952245 
3200   -20754.9   -458.8011845 110 114 0.034741 0.076218 0.067646 0.085384 0.037492 0.040164 0.067789 1.59816 0.970802 
3220   -21376.2   -604.7349484 18 91 0.092946 0.085033 0.077253 0.110908 0.022686 0.089417 0.034258 0.315212 1.0635 
3240   -21279.1   -510.6350065 86 105 0.089791 0.031762 0.076506 0.101633 0.075093 0.068389 0.070041 3.99961 1.00111 
3260   -20818.5   -256.7287744 78 108 0.076345 0.091559 0.073923 0.087944 0.058886 0.065780 0.139245 4.60587 0.997299 
3280     -21132   -230.3968366 112 106 0.074015 0.081504 0.114502 0.056640 0.026787 0.105256 0.095903 8.06939 1.00405 
3300   -20735.1   -30.81427587 125 43 0.063553 0.135639 0.074086 0.019090 0.044825 0.114570 0.130223 13.9672 0.966849 
3320   -21241.1            inf 14 47 0.053156 0.083447 0.061793 0.038853 0.092308 0.048943 0.122091 13.3643 0.952893 
3340   -20915.8   -54.53648147 9 115 0.026233 0.073777 0.082322 0.038860 0.065528 0.094625 0.066701 11.2771 0.946102 
3360   -21532.9   -872.7612217 9 9 0.074535 0.032867 0.069343 0.039338 0.044841 0.076204 0.074504 5.03643 1.03309 
3380   -20917.6    118.6613423 100 113 0.010532 0.053360 0.056270 0.175551 0.024163 0.038300 0.081917 3.29658 1.00489 
3400   -20471.3    198.4752333 45 101 0.083380 0.026609 0.063548 0.092504 0.073020 0.032858 0.136974 10.2698 0.952803 
3420   -20387.7    470.9450693 25 21 0.081175 0.034113 0.027150 0.118518 0.074243 0.025855 0.095505 3.08323 1.00147 
3440     -21807   -1195.754804 123 99 0.061328 0.068600 0.052546 0.024590 0.033242 0.071977 0.073417 3.14875 0.970264 
3460   -20795.1    66.41168391 64 30 0.097751 0.086442 0.012827 0.022370 0.074866 0.006231 0.042510 3.36085 0.989181 
3480   -20690.2    798.9630816 48 15 0.060526 0.104697 0.102484 0.078149 0.031266 0.034120 0.097033 4.53046 1.04771 
3500   -21087.3   -55.41668449 1 79 0.084649 0.063337 0.097078 0.068877 0.050831 0.036272 0.063150 7.3693 0.987017 
3520   -21067.3    86.87032729 62 22 0.063333 0.066966 0.093425 0.166777 0.053374 0.058111 0.099700 6.19338 1.03092 
3540   -20933.8   -139.2558675 21 92 0.053257 0.073248 0.157038 0.147918 0.091313 0.044055 0.125013 7.94795 0.960611 
3560     -20697    185.1494195 7 19 0.028797 0.079080 0.146138 0.030368 0.094525 0.041477 0.087541 7.50218 0.992603 
3580   -20893.7   -385.3708569 30 59 0.011201 0.114429 0.029285 0.078133 0.038604 0.081942 0.106438 13.8912 0.96557 
3600   -20684.4    371.4588417 101 0 0.049990 0.024596 0.150065 0.046109 0.052751 0.132346 0.102359 1.05787 1.03156 