#
# Code will run in posterior sampling mode.
#
# A scale parameter will be fit to the bkg model.
#
# The total number of Gibbs draws is 900, every 5th draws will be saved.
#
# The model will be fit using the Multi Scale Prior.
#
# The data matrix is 128 by 128.
#
# The data file should contain a  2^7 by 2^7 matrix of counts.
#
# Starting Values for the smoothing parameter (alpha):
# Aggregation Level:  0,   alpha: 0.03 (Full Data)
# Aggregation Level:  1,   alpha: 0.04
# Aggregation Level:  2,   alpha: 0.05
# Aggregation Level:  3,   alpha: 0.06
# Aggregation Level:  4,   alpha: 0.07
# Aggregation Level:  5,   alpha: 0.08
# Aggregation Level:  6,   alpha: 0.09  (In the 2x2 table)
#
# The prior distribution on the total count from the multiscale component is
# Gamma(1.000000, 0.050000).
#
# The hyper-prior smoothing parameter (kappa 2) is 1000.
#
iteration logPost stepSize cycleSpinRow cycleSpinCol smoothingParam0 smoothingParam1 smoothingParam2 smoothingParam3 smoothingParam4 smoothingParam5 smoothingParam6 expectedMSCounts bkgScale 
5   -23119.9   -651.3257743 121 63 0.184058 0.314949 0.332174 0.327466 0.212592 0.155322 0.068918 912.272 0.155371 
10   -22401.2   -267.6219221 85 91 0.198548 0.290865 0.302734 0.279526 0.229914 0.151094 0.172307 625.683 0.431001 
15   -21918.7    199.7789234 118 118 0.145111 0.228980 0.235992 0.248843 0.223587 0.190598 0.125077 358.966 0.621275 
20   -21903.2   -711.1644886 123 39 0.053316 0.161120 0.191331 0.228254 0.235567 0.190175 0.155062 222.715 0.783098 
25   -21399.7   -187.0746102 29 13 0.098693 0.185269 0.146666 0.166813 0.167812 0.073913 0.099572 185.662 0.835941 
30   -21157.2   -279.0397448 29 69 0.078305 0.122803 0.086509 0.131541 0.152536 0.173604 0.069955 98.5004 0.953389 
35   -21238.5   -612.4008705 31 45 0.094891 0.095251 0.096389 0.084770 0.159929 0.147264 0.135281 69.0705 0.880706 
40       -inf           -inf 71 11 0.070047 0.051919 0.045823 0.090123 0.138776 0.145456 0.074804 49.3439 0.954678 
45     -20850   -188.5947313 4 66 0.072512 0.094568 0.060655 0.069408 0.086024 0.140778 0.080791 32.5153 1.01377 
50   -20997.5   -29.93204187 24 90 0.099909 0.005981 0.051099 0.139428 0.112701 0.104378 0.114809 36.7727 1.02307 
55   -20678.4    710.3764497 26 14 0.102083 0.062868 0.073074 0.042509 0.156290 0.154568 0.067320 47.0704 1.01511 
60   -20793.9   -316.1329696 117 124 0.129397 0.073633 0.057200 0.077645 0.124669 0.075642 0.102945 13.4533 0.951187 
65   -20407.4    425.0845147 30 54 0.082249 0.039840 0.102419 0.096820 0.094212 0.078144 0.094907 14.8698 1.04059 
70   -20925.5   -203.0748841 39 122 0.078347 0.021361 0.086124 0.061211 0.068869 0.115340 0.135527 17.231 1.00033 
75   -20581.6   -29.60368091 34 123 0.068998 0.112217 0.044101 0.089857 0.070078 0.080222 0.135242 13.2657 1.06439 
80   -20953.9    400.4874457 107 34 0.076176 0.124076 0.061990 0.105686 0.041966 0.105669 0.091580 8.38245 0.982706 
85   -21154.6   -665.6756907 56 107 0.100069 0.081174 0.062240 0.110190 0.104488 0.125349 0.100657 6.99273 1.02477 
90       -inf           -inf 36 101 0.090799 0.036192 0.076766 0.027874 0.062404 0.140137 0.111000 14.2929 0.993713 
95   -20882.9   -133.9494068 15 68 0.017653 0.090967 0.095360 0.100274 0.060553 0.102398 0.098719 9.74091 0.968415 
100   -21426.8   -685.5608282 62 110 0.077381 0.024520 0.005607 0.093188 0.064230 0.061736 0.135653 9.81967 0.988421 
105       -inf            nan 121 61 0.047837 0.005569 0.058847 0.074312 0.029343 0.064376 0.064105 3.015 1.03225 
110   -20699.8    545.9430743 45 21 0.086771 0.015289 0.082962 0.029239 0.066225 0.039613 0.054545 6.7534 1.0011 
115   -20808.9    217.4755572 5 73 0.085973 0.026038 0.081955 0.058728 0.035231 0.074630 0.149690 6.20164 1.04427 
120   -20537.2    257.5252631 53 125 0.063283 0.034484 0.017895 0.063820 0.114031 0.084439 0.076392 9.0865 0.999284 
125   -20720.2    234.9872328 65 73 0.127164 0.047054 0.012131 0.063345 0.118012 0.057603 0.122116 5.86101 1.00162 
130   -21769.7            inf 10 32 0.077464 0.079961 0.050708 0.056615 0.047449 0.064036 0.022882 6.52933 1.06397 
135   -20784.1    101.1976026 45 78 0.070486 0.040516 0.121629 0.100450 0.114200 0.091558 0.061625 4.39929 1.00588 
140     -21367   -785.7861519 108 102 0.017230 0.104549 0.122615 0.050384 0.107747 0.082938 0.108852 11.005 1.08235 
145   -21095.2    201.4316044 53 122 0.108462 0.070379 0.039135 0.076761 0.066200 0.136538 0.118246 3.6844 1.01829 
150   -20798.9    801.1293066 53 48 0.070498 0.078278 0.120323 0.055260 0.091658 0.021931 0.135421 4.95847 1.02725 
155   -21433.6   -589.4130913 121 112 0.097878 0.086907 0.080813 0.073639 0.125309 0.064584 0.075668 2.92211 0.97554 
160   -21348.9   -847.9322234 104 40 0.052829 0.033069 0.082167 0.033462 0.124195 0.071809 0.153875 4.61423 1.01402 
165   -20890.3    -274.111103 120 21 0.081603 0.048702 0.017652 0.090413 0.052108 0.146798 0.035031 1.46161 1.05318 
170   -20694.4   -63.73976397 112 110 0.052613 0.050261 0.078965 0.060870 0.132841 0.088282 0.079312 4.09838 0.997432 
175       -inf           -inf 10 95 0.082198 0.098575 0.049245 0.029827 0.158269 0.061650 0.064262 3.16671 1.00183 
180   -20789.8   -130.5089304 89 110 0.114345 0.085413 0.031144 0.037402 0.061071 0.049597 0.045528 5.49782 0.969224 
185   -20818.4    397.0418925 17 91 0.143656 0.063242 0.013677 0.074635 0.080380 0.086190 0.054482 6.77157 1.02179 
190   -21457.3   -927.7430694 35 47 0.094148 0.058802 0.047515 0.024530 0.051555 0.058247 0.078003 3.02226 0.996686 
195   -21161.9   -758.1690725 126 71 0.011193 0.097743 0.154964 0.054944 0.099782 0.057719 0.086712 7.09404 1.06251 
200     -20765    -198.591013 91 17 0.052352 0.134326 0.046642 0.048390 0.011761 0.106253 0.096788 14.9173 1.02152 
205   -20692.1    601.0820298 87 2 0.043127 0.009794 0.056686 0.100857 0.034741 0.091164 0.082667 2.67281 1.06447 
210   -20958.6    507.9811345 84 51 0.077239 0.035100 0.012146 0.064227 0.141819 0.050054 0.029294 5.31763 1.00508 
215   -20927.3    179.0547161 120 37 0.047335 0.054583 0.015774 0.089109 0.053443 0.063149 0.045511 5.21435 0.97356 
220   -20612.2    23.05503328 122 91 0.066745 0.018633 0.079325 0.075833 0.068853 0.011333 0.056278 6.79415 1.01979 
225   -20722.4   -8.742477391 57 31 0.128176 0.038715 0.046179 0.058690 0.096812 0.078082 0.104635 5.63137 1.05662 
230     -21332   -626.0394185 28 104 0.016196 0.032614 0.013599 0.016772 0.059210 0.082186 0.067587 7.27673 1.01926 
235   -21095.3            inf 115 72 0.115231 0.038610 0.070277 0.051738 0.109099 0.040503 0.036745 3.8793 1.00602 
240     -20579    176.9805575 50 108 0.086441 0.088530 0.049693 0.089624 0.061564 0.080815 0.058948 3.45776 0.98604 
245   -20751.6    30.92958756 63 29 0.052766 0.036273 0.092085 0.030703 0.101472 0.054059 0.014138 5.34462 1.00066 
250       -inf           -inf 127 17 0.050073 0.077504 0.029207 0.024905 0.046576 0.073064 0.025321 4.55623 1.01543 
255   -21145.6    10.89185815 101 33 0.030756 0.078539 0.075170 0.132520 0.171736 0.105088 0.163984 8.72025 1.0224 
260   -20764.8    847.8645503 3 88 0.050924 0.075832 0.015149 0.108720 0.057672 0.116076 0.051574 7.91899 1.01745 
265   -21018.5    282.5234674 31 73 0.068208 0.012677 0.126125 0.139487 0.069499 0.121482 0.171269 9.87054 0.955976 
270     -21015    530.7746194 74 118 0.172295 0.085180 0.076085 0.081181 0.065158 0.090145 0.078402 10.7447 1.02239 
275     -20892    118.7152232 20 90 0.054219 0.021551 0.030963 0.014324 0.108446 0.073218 0.079073 8.25768 0.992091 
280   -20972.8   -249.5109932 28 103 0.093498 0.067016 0.109511 0.034076 0.086295 0.095427 0.102688 3.39578 0.995088 
285   -20647.2     656.643095 17 68 0.072187 0.054960 0.125730 0.050665 0.102657 0.107567 0.093628 4.277 1.02452 
290   -20495.9    569.6982329 69 8 0.036612 0.074648 0.065015 0.049289 0.061814 0.016355 0.100152 2.62631 1.01888 
295   -21043.8   -602.0289261 49 17 0.087802 0.041919 0.075940 0.081836 0.066211 0.099185 0.090275 2.25562 1.03058 
300   -21116.1   -14.85206553 36 79 0.056095 0.088423 0.065270 0.069136 0.106452 0.066596 0.085231 5.68484 1.03378 
305   -20796.5    687.4898359 77 59 0.058139 0.040946 0.087544 0.110127 0.111972 0.062068 0.051859 13.3486 1.02407 
310   -21491.7   -382.4771712 66 15 0.090077 0.046112 0.042673 0.108681 0.041162 0.057635 0.135722 4.23978 1.03782 
315   -21397.9   -466.6384295 4 81 0.003800 0.111486 0.096071 0.078246 0.012788 0.006401 0.090909 3.50089 1.00257 
320   -20781.4    -99.0398445 23 40 0.074237 0.122442 0.084187 0.053939 0.018045 0.059487 0.070747 6.95531 0.982124 
325   -21239.3   -519.8339566 81 120 0.182038 0.056135 0.053178 0.021279 0.089250 0.034765 0.090134 3.46543 1.00637 
330   -21021.5   -462.9540356 21 2 0.048415 0.050250 0.127679 0.070045 0.126937 0.097190 0.082112 3.06271 1.02717 
335   -20965.6   -194.6212303 127 60 0.091183 0.058465 0.033368 0.112413 0.103101 0.056363 0.011694 7.68809 1.00389 
340   -20677.1            inf 16 30 0.133285 0.020091 0.090033 0.089901 0.109844 0.060628 0.111375 3.27127 1.04472 
345   -21297.6   -776.3243896 88 122 0.124861 0.071359 0.129427 0.016563 0.067079 0.092258 0.067233 4.25726 0.962016 
350   -21032.3    115.7142255 70 22 0.049855 0.089897 0.073431 0.019644 0.066442 0.050988 0.067120 10.2393 1.0018 
355   -21039.4   -288.6690315 79 114 0.099337 0.070855 0.045674 0.048038 0.003481 0.029461 0.062309 2.91206 0.978761 
360   -21037.3    177.0464983 51 74 0.052706 0.118394 0.066588 0.107602 0.080362 0.049481 0.057473 6.28394 1.02506 
365   -21123.6    879.5573622 119 67 0.094883 0.067739 0.094231 0.155158 0.104979 0.032425 0.037483 6.73097 1.05931 
370   -20451.3    1069.265729 122 118 0.096975 0.025896 0.079574 0.076269 0.055301 0.104894 0.003358 4.0847 0.95863 
375   -20521.4     369.218599 8 123 0.035939 0.010723 0.081486 0.129737 0.009047 0.073161 0.113168 3.70338 1.00321 
380   -20993.1   -57.79605178 2 90 0.072034 0.061652 0.006177 0.047226 0.036762 0.147170 0.077060 3.27116 1.01831 
385     -21343    89.12113461 40 68 0.042433 0.029786 0.100600 0.075682 0.057304 0.058278 0.047037 4.46803 1.02551 
390   -21269.1   -767.3947446 82 52 0.087115 0.065971 0.064669 0.043942 0.132282 0.064708 0.063363 8.6538 1.07835 
395   -20858.8    282.5276663 15 114 0.101620 0.121350 0.037811 0.048137 0.121816 0.068531 0.063562 2.35509 0.971165 
400   -21228.9   -489.1205671 5 104 0.064457 0.091981 0.081597 0.122826 0.063492 0.092882 0.056966 5.85633 0.999177 
405   -21270.2   -746.9274728 30 70 0.051782 0.022823 0.106028 0.057056 0.060707 0.022129 0.075899 3.79705 1.03165 
410   -20947.5   -324.7709452 16 48 0.124372 0.040657 0.046412 0.067357 0.059458 0.088304 0.073740 4.47959 1.01251 
415   -21624.5   -281.5702135 17 86 0.100092 0.018854 0.075984 0.105179 0.038603 0.060331 0.142975 4.70904 1.01535 
420   -20710.1            inf 105 53 0.039060 0.033381 0.079670 0.084875 0.080563 0.028078 0.071866 10.8395 1.01137 
425   -21413.8   -259.6913866 63 24 0.131898 0.079738 0.107211 0.102750 0.071593 0.043944 0.032522 2.56257 1.01955 
430   -21385.5   -843.0469196 117 48 0.092514 0.122318 0.064228 0.118985 0.026381 0.059985 0.116546 2.69685 0.987587 
435   -21296.6   -396.4586932 25 49 0.171637 0.085634 0.044299 0.121094 0.128652 0.059412 0.045322 0.972626 1.00139 
440   -21403.7   -596.0049594 4 94 0.006074 0.064958 0.133613 0.100477 0.117360 0.085051 0.058191 5.90144 1.03189 
445   -20992.1    106.7769772 6 29 0.085320 0.090997 0.125080 0.089520 0.135456 0.061491 0.061161 3.05007 0.956958 
450   -21425.9   -91.65360561 99 18 0.081882 0.050961 0.083478 0.056625 0.066593 0.043993 0.067322 1.58875 1.04252 
455   -21263.6    328.3125356 93 88 0.040477 0.110190 0.031389 0.091936 0.038317 0.063150 0.043046 3.9822 1.03071 
460   -21324.3    27.16443761 121 47 0.095936 0.079556 0.041024 0.064182 0.083922 0.067401 0.050804 0.942654 1.00849 
465   -20416.8    292.8582371 68 34 0.088586 0.033537 0.166384 0.036247 0.105017 0.026514 0.006905 2.94051 1.00385 
470   -21141.7   -108.4809816 61 42 0.029268 0.102925 0.050571 0.081632 0.087244 0.012823 0.017632 1.13874 1.01328 
475   -20662.2            inf 94 59 0.073823 0.066930 0.106025 0.095064 0.014233 0.021293 0.011489 6.67253 1.02333 
480       -inf           -inf 9 42 0.112986 0.073910 0.086723 0.090335 0.109551 0.055145 0.095940 3.55247 1.03245 
485   -20811.2   -69.39101297 14 118 0.071008 0.102789 0.075138 0.095405 0.048137 0.104207 0.157826 10.7506 1.05123 
490   -21458.7            inf 7 27 0.089899 0.068865 0.063633 0.046620 0.077796 0.066684 0.108698 5.50349 1.02285 
495     -20764     283.129067 51 58 0.098789 0.050297 0.139522 0.124621 0.032132 0.067270 0.055568 3.05675 0.988176 
500   -21315.1   -502.0766794 120 38 0.074319 0.149038 0.008717 0.075811 0.036219 0.055897 0.051990 0.859978 1.028 
505   -21068.3    -442.270174 14 43 0.086663 0.130235 0.032723 0.069327 0.058709 0.065377 0.059873 4.21201 0.946213 
510       -inf           -inf 83 56 0.091473 0.056239 0.067515 0.101615 0.075950 0.020308 0.029556 1.02467 1.03311 
515   -21060.2    65.84811801 114 64 0.128909 0.059618 0.036710 0.040576 0.038478 0.062806 0.031268 1.95318 1.02794 
520       -inf           -inf 119 96 0.084321 0.077320 0.075905 0.053491 0.051467 0.099417 0.106529 9.03207 0.999839 
525     -20899    654.2039107 47 18 0.055390 0.071760 0.148622 0.003895 0.021413 0.080560 0.066708 8.91375 1.0266 
530   -20884.5    1071.926855 67 88 0.083218 0.043674 0.092182 0.135521 0.075387 0.082707 0.067894 1.06697 0.966995 
535   -20585.1    322.7475145 52 124 0.119196 0.019504 0.025727 0.117224 0.054307 0.045730 0.032589 7.9315 1.02568 
540   -20857.8   -172.3034593 81 100 0.080111 0.073719 0.073298 0.065591 0.085365 0.063255 0.075984 2.15026 1.02536 
545   -21403.1   -659.0400793 52 83 0.025254 0.108364 0.170621 0.096731 0.114764 0.050323 0.069482 1.67885 0.980543 
550   -21084.2   -314.9688526 70 126 0.127668 0.095189 0.062098 0.100763 0.119005 0.034941 0.128976 2.6899 1.05712 
555   -20941.1     684.595452 64 102 0.063910 0.100429 0.085437 0.083148 0.070454 0.151071 0.133327 1.10739 0.981744 
560   -20784.3    612.7803752 55 8 0.117375 0.082714 0.055126 0.143404 0.055989 0.055374 0.075779 1.2194 1.01041 
565   -21016.2   -325.7287294 70 115 0.093727 0.101342 0.067413 0.077124 0.075600 0.094227 0.110698 2.5733 1.01758 
570   -21479.7   -599.5111826 9 107 0.071728 0.080644 0.105203 0.076342 0.088609 0.058401 0.148775 0.767 0.982581 
575   -21138.6    201.2620171 50 95 0.057544 0.027830 0.074289 0.029138 0.044785 0.012388 0.085995 2.97462 1.02832 
580   -21334.9    71.89167849 62 102 0.029562 0.057948 0.036072 0.088304 0.051929 0.072380 0.078989 3.04557 1.01758 
585       -inf           -inf 85 63 0.111102 0.065685 0.134496 0.097657 0.112600 0.077946 0.088054 1.50836 0.964826 
590   -21832.3   -981.1278421 39 85 0.110768 0.037819 0.148551 0.062934 0.036508 0.114523 0.079366 2.44343 1.07143 
595   -20748.8    54.49120893 87 2 0.044992 0.039935 0.084467 0.077658 0.037758 0.120982 0.050156 5.74536 1.04751 
600   -21079.6    620.5625071 59 73 0.082438 0.106299 0.072068 0.077245 0.093624 0.046611 0.027056 4.5354 0.989298 
605   -21122.9   -569.6257217 99 92 0.055596 0.021355 0.034939 0.026207 0.070953 0.024783 0.009829 3.1823 1.02605 
610   -20610.5    634.4812781 18 118 0.001920 0.094606 0.095762 0.050322 0.050922 0.093784 0.096890 0.690701 0.997064 
615   -21294.7   -775.5010624 96 7 0.065770 0.149445 0.040839 0.121904 0.123672 0.155473 0.071686 6.11879 1.04392 
620   -20754.2   -23.38474054 87 109 0.096350 0.058398 0.078837 0.011756 0.101046 0.036667 0.051984 1.77225 1.06188 
625   -20836.3    92.58187089 44 97 0.076130 0.039152 0.009852 0.111004 0.047771 0.065044 0.129162 4.65077 1.04717 
630   -20732.5   -23.07559526 92 66 0.072418 0.035716 0.086399 0.071400 0.032740 0.093600 0.042393 0.19658 1.01359 
635   -20808.6    647.9847294 104 90 0.074968 0.079435 0.082914 0.070881 0.091793 0.048095 0.061227 0.933155 1.03446 
640   -21337.7   -464.4681013 77 117 0.088329 0.067424 0.139783 0.075285 0.086680 0.055190 0.137706 0.633892 1.04864 
645   -20807.2    549.9985145 62 112 0.115486 0.045002 0.044968 0.102463 0.018160 0.059212 0.074333 1.26836 0.985748 
650   -20836.7   -35.87765212 90 17 0.106390 0.078861 0.125800 0.065031 0.115901 0.096178 0.040337 3.64355 0.944536 
655   -20689.3    97.74022525 26 53 0.070447 0.071577 0.039104 0.093008 0.114324 0.097599 0.024822 0.669481 1.01477 
660     -21469   -397.5480239 101 24 0.069456 0.039571 0.055351 0.054300 0.090562 0.050094 0.079508 0.961918 1.04384 
665   -20904.9    11.90250922 41 22 0.158736 0.007985 0.059873 0.087134 0.118759 0.155197 0.104994 1.26964 1.04351 
670   -20989.8    252.5902425 38 103 0.057227 0.064771 0.055164 0.038551 0.031961 0.041443 0.037468 3.01308 1.01844 
675   -20704.3    543.8474981 34 94 0.088896 0.096708 0.025468 0.031583 0.097749 0.048964 0.040893 0.499528 1.0204 
680   -21126.2   -266.7130812 9 64 0.072224 0.050837 0.112487 0.144150 0.076218 0.023352 0.108425 0.968311 0.963506 
685   -21252.7   -230.2584897 122 29 0.134587 0.033697 0.059154 0.052509 0.052016 0.124377 0.089890 2.73623 0.986333 
690   -21137.1    35.71322071 34 80 0.105029 0.105906 0.020396 0.077548 0.073795 0.026110 0.047918 1.08391 1.0058 
695   -20803.7    96.72194174 65 41 0.073426 0.111492 0.055075 0.042490 0.077523 0.032460 0.097427 3.11342 1.03686 
700   -21448.3    161.7268321 83 104 0.044656 0.090647 0.034223 0.142418 0.055819 0.124051 0.115401 1.87053 1.00948 
705   -20672.8    202.4324675 102 24 0.129535 0.081358 0.071405 0.036926 0.075829 0.112592 0.089482 2.07533 0.999864 
710       -inf           -inf 74 56 0.104610 0.057626 0.052749 0.123516 0.049231 0.078645 0.096658 1.40685 0.99994 
715   -21788.9   -1084.571961 113 83 0.024379 0.076899 0.063224 0.063579 0.059444 0.097576 0.051478 0.678677 1.02783 
720   -21326.9    302.2425359 62 9 0.072100 0.103483 0.110876 0.047066 0.051625 0.077036 0.017658 2.98804 0.99822 
725   -21693.7   -1194.991797 106 107 0.061747 0.075823 0.084909 0.059912 0.056693 0.037313 0.099982 0.94485 1.03289 
730   -20987.8            inf 17 107 0.028867 0.060799 0.076167 0.034709 0.061476 0.078814 0.036291 2.3201 1.00632 
735   -20826.3   -461.4652069 3 19 0.107155 0.073607 0.116956 0.167383 0.032837 0.019595 0.036875 0.409752 0.97617 
740     -20823            inf 6 103 0.057736 0.064523 0.048869 0.089321 0.060095 0.080492 0.032013 3.88075 1.00055 
745     -20740    390.7299749 22 75 0.044188 0.057015 0.123690 0.070907 0.071209 0.077203 0.099864 2.45064 0.979364 
750   -21300.2   -544.5389023 78 36 0.100569 0.067067 0.018075 0.054961 0.089545 0.052379 0.049404 2.5189 1.05241 
755   -20909.3   -375.4280768 84 42 0.025538 0.096076 0.053764 0.094413 0.081588 0.089233 0.084251 0.730763 0.994512 
760       -inf            nan 70 43 0.085532 0.114366 0.020143 0.072549 0.063674 0.047525 0.073061 1.41275 0.993528 
765     -20859    843.5896457 94 82 0.058677 0.048827 0.117265 0.076303 0.069046 0.086759 0.057954 1.45175 0.968688 
770   -21365.6   -568.9438524 11 54 0.066228 0.090172 0.027286 0.134346 0.080810 0.125862 0.078929 4.07261 1.00019 
775       -inf           -inf 95 74 0.135650 0.098906 0.101564 0.127948 0.061360 0.027933 0.051098 1.0991 1.04525 
780   -20932.7    100.4915092 35 60 0.055073 0.079336 0.043257 0.106600 0.049996 0.068699 0.104807 2.04439 0.985868 
785   -20703.7    519.5307558 95 21 0.026978 0.171197 0.012429 0.089777 0.036342 0.033404 0.076804 0.011282 1.04746 
790   -20541.4    854.2602182 5 109 0.066546 0.088134 0.065705 0.087986 0.051706 0.022692 0.049262 0.824853 0.988856 
795   -20690.8    691.2595179 79 37 0.033361 0.128900 0.062342 0.061142 0.076428 0.059233 0.038039 8.17072 1.02878 
800   -20708.4    6.658802846 95 110 0.041444 0.112066 0.110092 0.025419 0.103121 0.042366 0.037918 0.219978 1.02446 
805     -20755    86.87906703 83 8 0.072005 0.072633 0.126734 0.052270 0.055709 0.066754 0.084499 3.4995 0.985263 
810   -20868.1            inf 82 87 0.058034 0.097489 0.100291 0.079231 0.085699 0.085256 0.114328 8.32323 1.02967 
815   -21013.5    -70.6324836 85 104 0.100462 0.076560 0.072238 0.042224 0.090304 0.027606 0.133522 5.82527 0.974454 
820   -20717.3    521.5242098 77 123 0.138711 0.113901 0.028132 0.024860 0.038380 0.019214 0.071320 2.45898 0.988639 
825   -20813.5    552.3004615 89 75 0.076672 0.109962 0.084183 0.043610 0.055791 0.052707 0.108928 0.92161 1.01117 
830   -20791.9    58.49575169 85 33 0.145297 0.097468 0.060423 0.020881 0.052369 0.130446 0.017239 2.10128 0.997755 
835   -21120.4            inf 39 37 0.107758 0.087558 0.075238 0.107206 0.089125 0.070436 0.088829 0.166565 1.03968 
840       -inf           -inf 100 106 0.049557 0.090766 0.103291 0.046708 0.022794 0.070077 0.099592 0.674213 0.950272 
845   -20558.2    579.7986225 77 64 0.034342 0.025190 0.022679 0.089595 0.064747 0.039818 0.089874 0.359132 1.02376 
850     -21460    -611.907052 100 67 0.034467 0.059784 0.017540 0.057949 0.124178 0.111921 0.032464 2.2452 0.98022 
855   -20983.9    30.72861288 36 77 0.103841 0.091161 0.047716 0.059076 0.112462 0.021869 0.129172 1.69054 1.02732 
860   -21766.9   -606.2851858 117 67 0.096023 0.039310 0.126194 0.090750 0.022486 0.054190 0.056268 6.35333 1.0254 
865   -20849.6     721.765938 102 114 0.028172 0.076033 0.116487 0.081955 0.074526 0.089988 0.114023 3.26136 1.00465 
870     -21185   -290.3755886 94 59 0.029988 0.086248 0.119576 0.137885 0.043906 0.018210 0.085290 2.46106 0.991462 
875   -20691.9    419.5096383 12 43 0.099565 0.085715 0.043805 0.080114 0.036184 0.037417 0.130665 6.11221 1.05238 
880   -20681.1   -143.0560455 59 0 0.049043 0.072480 0.074579 0.055717 0.038120 0.044232 0.126294 5.89018 0.991718 
885   -21401.3   -329.1538872 19 95 0.107139 0.047076 0.080252 0.091314 0.059925 0.087713 0.036616 3.4312 1.0601 
890   -20882.3    192.0182512 35 67 0.040749 0.132769 0.092303 0.091358 0.067201 0.090153 0.137107 2.29502 1.00076 
895   -21212.5    8.073688405 110 44 0.034631 0.071418 0.040203 0.073919 0.115569 0.085029 0.113272 0.0699804 0.959147 
900   -20953.1   -172.4179919 125 20 0.005865 0.069575 0.114705 0.012804 0.097683 0.077977 0.104898 3.02586 1.02395 