#
# Code will run in posterior sampling mode.
#
# A scale parameter will be fit to the bkg model.
#
# The total number of Gibbs draws is 3600, every 20th draws will be saved.
#
# The model will be fit using the Multi Scale Prior.
#
# The data matrix is 128 by 128.
#
# The data file should contain a  2^7 by 2^7 matrix of counts.
#
# Starting Values for the smoothing parameter (alpha):
# Aggregation Level:  0,   alpha: 0.3 (Full Data)
# Aggregation Level:  1,   alpha: 0.4
# Aggregation Level:  2,   alpha: 0.5
# Aggregation Level:  3,   alpha: 0.6
# Aggregation Level:  4,   alpha: 0.7
# Aggregation Level:  5,   alpha: 0.8
# Aggregation Level:  6,   alpha: 0.9  (In the 2x2 table)
#
# The prior distribution on the total count from the multiscale component is
# Gamma(1.000000, 0.050000).
#
# The hyper-prior smoothing parameter (kappa 2) is 1000.
#
iteration logPost stepSize cycleSpinRow cycleSpinCol smoothingParam0 smoothingParam1 smoothingParam2 smoothingParam3 smoothingParam4 smoothingParam5 smoothingParam6 expectedMSCounts bkgScale 
20   -21189.3    -463.805377 51 53 0.046185 0.013266 0.069739 0.134621 0.094736 0.135846 0.105767 55.5367 0.984881 
40   -21101.9   -235.5818699 116 38 0.063067 0.071911 0.044215 0.115096 0.039154 0.098002 0.102773 7.26494 1.00775 
60   -20884.5            inf 9 104 0.191039 0.027681 0.065753 0.073144 0.065931 0.090963 0.113006 6.17391 1.01549 
80   -22146.5   -1067.944228 32 49 0.073345 0.085333 0.090886 0.064708 0.054491 0.075591 0.111463 2.74887 1.03261 
100   -20558.3    139.5243612 47 37 0.095118 0.042290 0.042902 0.064221 0.041966 0.116689 0.097375 1.27972 0.994832 
120   -20714.3    448.1158236 1 3 0.153928 0.107065 0.031140 0.089633 0.020972 0.096720 0.056773 9.59372 1.03343 
140       -inf           -inf 51 52 0.033552 0.030183 0.132028 0.073107 0.087360 0.116965 0.019720 37.1088 1.02636 
160   -21690.7   -911.1397354 21 14 0.067259 0.067860 0.099528 0.050170 0.041301 0.080102 0.072484 1.45623 1.03461 
180       -inf           -inf 114 116 0.084683 0.032471 0.065516 0.098614 0.057773 0.073951 0.087391 12.3118 0.963567 
200   -21657.3    851.9240399 95 31 0.060566 0.095259 0.037906 0.125486 0.077974 0.028736 0.060206 3.68174 0.999823 
220   -21167.5   -486.6647973 97 29 0.052248 0.038028 0.020863 0.068663 0.050275 0.109735 0.127363 7.885 0.960101 
240   -20799.5    979.2836698 27 124 0.042985 0.036505 0.133778 0.107421 0.035012 0.054231 0.122167 8.14517 0.983614 
260   -21509.4   -132.5492534 48 0 0.058821 0.120403 0.028007 0.080798 0.054299 0.066593 0.154792 11.3416 0.983075 
280     -20595    1258.363046 94 121 0.057799 0.013748 0.137661 0.080018 0.043162 0.094921 0.083254 0.596128 1.01739 
300   -20818.4    213.2817535 4 77 0.006805 0.018991 0.130501 0.127154 0.027533 0.059501 0.033845 2.20593 0.959456 
320   -21033.6     98.8942733 10 61 0.071582 0.138600 0.047261 0.101404 0.072204 0.031522 0.056227 6.81784 1.01099 
340   -21443.7   -765.0652603 3 88 0.052889 0.122001 0.053969 0.032261 0.060423 0.066817 0.086885 1.89934 1.04049 
360   -20684.1    697.8005007 72 107 0.120130 0.013815 0.077380 0.094962 0.024149 0.101307 0.069542 4.58208 1.01946 
380   -20579.7    -26.2879427 56 41 0.087437 0.134803 0.057511 0.025303 0.062542 0.061679 0.056235 6.52901 1.01171 
400   -21218.3    451.3755697 42 19 0.053005 0.101574 0.047706 0.040801 0.029295 0.103465 0.115107 0.50844 0.991333 
420     -20890   -224.4286556 16 52 0.019854 0.056285 0.049459 0.055863 0.015956 0.124305 0.075612 2.21993 1.01575 
440   -20775.1    136.7473244 9 6 0.028465 0.055847 0.079767 0.072558 0.103406 0.068854 0.016471 3.53349 0.997273 
460   -20865.4    365.2957376 12 109 0.112222 0.079709 0.029984 0.126691 0.077805 0.054861 0.142107 4.74938 1.04547 
480   -21688.3   -681.2857058 45 99 0.069624 0.095920 0.006526 0.041489 0.080163 0.075996 0.078203 4.53753 1.07433 
500   -21163.2            inf 52 12 0.025596 0.046688 0.020780 0.050005 0.106354 0.061370 0.099677 2.67185 1.03949 
520     -21016    313.6518036 108 57 0.078128 0.027513 0.010015 0.127056 0.107641 0.118424 0.040807 7.70408 0.98428 
540   -20803.7    8.536436088 94 48 0.112618 0.067333 0.106334 0.062740 0.087600 0.092590 0.107661 5.3631 1.00522 
560   -21607.5   -1024.621528 62 115 0.059689 0.078098 0.004150 0.045410 0.053938 0.043397 0.042488 3.25868 1.04008 
580   -20948.1   -195.4809307 87 81 0.011012 0.101837 0.105387 0.085330 0.039979 0.031705 0.162421 1.35838 1.04114 
600   -20668.9    248.1453469 125 23 0.044212 0.046050 0.058822 0.040945 0.072616 0.075675 0.072919 0.334355 1.01911 
620   -21424.9   -331.3536498 117 14 0.095895 0.139493 0.122054 0.030846 0.082071 0.103714 0.021729 2.36344 1.04444 
640   -20675.5    436.1223799 104 23 0.058187 0.068694 0.056391 0.112511 0.085478 0.053225 0.089073 2.23085 0.967934 
660       -inf           -inf 69 25 0.058839 0.133071 0.098722 0.049869 0.081760 0.052029 0.069940 1.14932 1.03925 
680   -21392.3   -629.4486037 83 49 0.058942 0.169815 0.067482 0.021922 0.054033 0.077855 0.120732 4.92668 1.04265 
700   -20853.8    35.34344143 14 40 0.079117 0.087320 0.096359 0.031428 0.063910 0.041092 0.062614 9.96571 0.955549 
720   -21689.3            inf 77 65 0.072723 0.064800 0.055105 0.046680 0.051127 0.094223 0.051512 1.56613 1.00066 
740       -inf           -inf 29 15 0.038759 0.065419 0.035118 0.075453 0.019120 0.069858 0.055786 4.71265 1.06348 
760       -inf           -inf 109 26 0.084160 0.087778 0.060249 0.037666 0.121777 0.048055 0.101008 5.59353 1.01378 
780   -20940.8    410.0631451 34 74 0.046762 0.045051 0.029084 0.031074 0.114282 0.044282 0.090078 7.20512 0.982058 
800   -21375.9   -176.9404697 52 97 0.099967 0.025517 0.087173 0.089725 0.117200 0.127879 0.146665 13.8792 1.00188 
820     -21425   -341.8885537 49 53 0.138672 0.029706 0.043387 0.066570 0.037345 0.083045 0.084542 7.76948 0.994934 
840     -21082    154.4658133 61 15 0.119139 0.055499 0.072953 0.079136 0.090554 0.055930 0.065652 2.79678 1.0219 
860   -20938.7    404.0598911 61 116 0.041042 0.067344 0.124949 0.071647 0.066430 0.061050 0.082186 0.812355 0.993296 
880   -20659.2    81.10412522 123 64 0.070977 0.145218 0.045989 0.027789 0.089590 0.051467 0.063949 2.15521 0.982622 
900     -20783    780.7748636 61 47 0.098718 0.061810 0.034713 0.124075 0.097768 0.066101 0.026352 15.3223 0.959536 
920     -21078    728.2917907 90 57 0.055440 0.043474 0.091778 0.024806 0.102757 0.044032 0.082258 6.89916 1.04107 
940   -20629.9     316.928721 107 10 0.091784 0.071476 0.082650 0.134830 0.066013 0.092742 0.103304 1.80974 1.00385 
960   -21227.7   -389.8394554 106 33 0.093834 0.074858 0.040301 0.087589 0.037296 0.035996 0.091116 2.83408 1.01975 
980     -21181     83.5577967 105 66 0.084975 0.107227 0.083773 0.011306 0.102481 0.075635 0.093484 3.86957 0.982865 
1000   -21489.2   -827.8591564 57 28 0.055320 0.032075 0.036521 0.048667 0.100502 0.088419 0.071964 13.948 1.05355 
1020   -20702.6    61.57738849 120 30 0.062706 0.116983 0.069978 0.050609 0.097236 0.082865 0.087061 12.4937 1.01086 
1040   -21268.8    84.33609399 43 83 0.138686 0.058196 0.106130 0.021188 0.105714 0.030607 0.066043 0.946197 1.01908 
1060   -21248.9   -539.6834607 69 55 0.124636 0.007148 0.033347 0.062312 0.120476 0.071937 0.114897 12.143 1.01855 
1080   -21155.4    384.2444447 68 25 0.057089 0.038722 0.103873 0.047880 0.050046 0.092573 0.123202 0.571067 0.983941 
1100   -20942.8    483.5977796 84 48 0.101636 0.041804 0.111938 0.068883 0.077898 0.052711 0.108165 3.44824 0.979315 
1120   -20891.6    7.038771421 19 76 0.068710 0.068808 0.129968 0.043690 0.062177 0.093662 0.121558 6.70057 1.03637 
1140   -21553.7   -968.9394692 127 125 0.082252 0.044548 0.051134 0.105808 0.099556 0.090809 0.093258 13.4715 1.01614 
1160   -21370.7            inf 59 76 0.049005 0.048364 0.097109 0.085893 0.079547 0.047231 0.071887 0.199959 0.979482 
1180     -20727   -125.2006046 38 29 0.104030 0.090142 0.052811 0.038361 0.071592 0.106481 0.055139 12.3018 0.976562 
1200   -21112.5    -318.210457 62 118 0.043912 0.057762 0.085084 0.076995 0.048532 0.050214 0.112630 0.211284 0.994082 
1220   -21689.6   -778.2753096 46 81 0.091493 0.068317 0.022496 0.082154 0.157227 0.023358 0.115667 1.05128 1.00664 
1240   -21617.2    -1071.29397 117 122 0.068015 0.034603 0.036994 0.084573 0.093525 0.108686 0.017266 4.74618 1.03764 
1260   -21355.2    141.1670589 65 75 0.034339 0.037677 0.107146 0.035324 0.084795 0.071748 0.078663 0.928296 0.971083 
1280   -21570.5   -222.8620815 52 71 0.085120 0.075853 0.080547 0.040900 0.071495 0.061035 0.087969 5.7883 0.998739 
1300   -21195.1   -193.6681949 127 29 0.019722 0.077687 0.063533 0.110404 0.080130 0.065203 0.102480 6.52897 1.02442 
1320   -21535.5   -29.01419818 32 17 0.054050 0.119569 0.068569 0.017683 0.122204 0.118743 0.120315 5.61895 1.01546 
1340   -21359.5   -505.5809508 124 58 0.097723 0.067561 0.106900 0.126679 0.154712 0.117378 0.059160 8.31401 0.97699 
1360   -21184.8    56.30569602 76 22 0.047651 0.121499 0.090740 0.056058 0.138508 0.107747 0.061560 0.315688 1.0175 
1380     -21706   -1032.186286 23 17 0.066749 0.056838 0.073779 0.109480 0.069086 0.119228 0.080205 6.83473 0.97964 
1400   -21077.1   -265.4476673 70 41 0.072804 0.074555 0.074111 0.049015 0.053978 0.039123 0.123030 0.00860124 1.08418 
1420   -20976.2   -93.37651583 16 39 0.066446 0.025529 0.061017 0.121966 0.016199 0.106248 0.101521 9.85117 1.10492 
1440   -20966.6    39.63109636 59 100 0.092573 0.071563 0.077564 0.084149 0.073838 0.040304 0.094924 14.4632 0.987124 
1460   -20839.3    415.8382701 118 9 0.063795 0.068502 0.063029 0.086334 0.110740 0.012926 0.054176 4.94618 1.08387 
1480   -21899.7    -931.970247 27 37 0.054257 0.103606 0.132799 0.065368 0.024154 0.081770 0.071690 8.57691 0.996171 
1500   -20905.4   -208.8744477 77 57 0.044319 0.079795 0.120044 0.061985 0.089364 0.047241 0.085312 6.25886 0.965583 
1520   -20712.3    338.8049636 65 83 0.090965 0.096147 0.064854 0.083312 0.076097 0.034402 0.062452 4.19538 0.962805 
1540   -21149.6   -54.42607182 43 31 0.083748 0.085794 0.078970 0.047621 0.101334 0.099743 0.105266 7.15349 0.990987 
1560     -20999   -60.28063185 45 122 0.028565 0.051590 0.114825 0.098734 0.101413 0.088442 0.020457 1.27231 1.02437 
1580   -21010.8   -58.44541116 18 28 0.108179 0.071085 0.055139 0.050394 0.138725 0.097027 0.009790 4.24589 1.01607 
1600       -inf            nan 119 124 0.011996 0.064713 0.066293 0.013776 0.088923 0.039217 0.078080 14.1084 1.0296 
1620   -20746.6    -58.1060662 126 125 0.033315 0.016301 0.123680 0.079737 0.102076 0.072505 0.143241 10.9127 1.05452 
1640   -21431.8            inf 35 93 0.109432 0.071453 0.038840 0.123191 0.080400 0.098647 0.045431 0.317373 0.972316 
1660   -21338.8            inf 60 71 0.022044 0.097657 0.058121 0.047283 0.084789 0.068602 0.098053 5.54663 0.987314 
1680     -20945     456.861054 48 43 0.060031 0.035570 0.050488 0.016317 0.120970 0.093169 0.082218 2.03829 1.0547 
1700   -21012.9            inf 7 40 0.156289 0.050727 0.010561 0.111331 0.100838 0.095599 0.169520 2.94344 1.00041 
1720   -20906.4   -72.23826427 96 96 0.051165 0.082070 0.073701 0.028703 0.118558 0.115985 0.053607 13.4069 1.00347 
1740   -20693.2    632.8445428 67 113 0.054268 0.040785 0.039237 0.013472 0.051315 0.083076 0.074365 6.37642 1.02105 
1760   -21605.7            inf 27 48 0.128500 0.068075 0.042840 0.043582 0.041102 0.124105 0.100696 4.47342 0.993097 
1780   -20908.9    601.7985483 78 28 0.061899 0.092636 0.131206 0.029197 0.056839 0.092412 0.074587 7.6772 1.03269 
1800   -20732.7   -156.7008614 23 64 0.046670 0.081946 0.069185 0.031675 0.090732 0.136646 0.125259 13.1583 1.0323 
1820     -20645    204.0515036 93 65 0.028081 0.108711 0.089006 0.059498 0.081803 0.098515 0.011493 5.10534 1.03416 
1840   -20955.6     361.357537 23 111 0.103166 0.041317 0.097917 0.082584 0.108427 0.065710 0.050128 3.64203 0.970935 
1860   -21536.9   -795.4937871 21 5 0.112140 0.029002 0.009794 0.079641 0.075932 0.042850 0.065929 0.00201201 1.0501 
1880   -20940.1   -6.938301337 124 55 0.106924 0.064466 0.080672 0.107945 0.057744 0.081050 0.035138 3.72136 1.03742 
1900   -21042.5    202.0079672 9 26 0.106767 0.123961 0.051873 0.010489 0.053681 0.093992 0.125039 2.19024 0.96282 
1920   -21137.2            inf 106 74 0.089658 0.096909 0.074066 0.081321 0.083437 0.049376 0.062733 18.7354 0.967793 
1940   -21008.5    180.8323258 94 49 0.112349 0.028877 0.042511 0.061512 0.083079 0.076251 0.063233 2.69054 0.996762 
1960   -20943.4   -98.27474358 2 47 0.073989 0.076999 0.080838 0.104719 0.101303 0.074585 0.093098 0.503055 0.998826 
1980     -21480   -815.7696811 114 28 0.086177 0.074245 0.104609 0.087200 0.020960 0.037692 0.127331 4.66041 1.03653 
2000   -20608.8    117.1782125 7 8 0.045302 0.130692 0.121885 0.107080 0.035653 0.103684 0.022016 0.174945 1.00288 
2020   -21371.9   -282.5660815 45 69 0.149289 0.063554 0.042158 0.028399 0.053494 0.045076 0.046457 0.146942 1.00629 
2040       -inf           -inf 115 4 0.091049 0.100519 0.114866 0.031858 0.103307 0.041564 0.026525 8.89714 0.981675 
2060     -20583    779.1464272 107 2 0.048183 0.014941 0.055859 0.099089 0.125420 0.042614 0.037261 4.34219 1.01368 
2080   -20649.5    343.4306344 97 45 0.064708 0.055882 0.139051 0.099658 0.120662 0.136005 0.035565 3.42549 0.972241 
2100   -21349.8   -336.4063381 124 111 0.042707 0.030921 0.074572 0.052804 0.024343 0.041404 0.106052 0.150578 0.995351 
2120   -20506.8    609.4899048 61 123 0.062990 0.010193 0.090141 0.038051 0.079040 0.043257 0.080857 2.37695 1.0178 
2140   -21028.1    259.9936099 126 67 0.142140 0.092980 0.040217 0.108296 0.055331 0.125707 0.038622 4.25228 0.946627 
2160     -21733   -486.7688128 29 61 0.096815 0.084756 0.056124 0.173020 0.109047 0.083337 0.111498 9.23004 0.964824 
2180   -20800.5    299.8601522 25 5 0.068837 0.036406 0.087331 0.131299 0.088967 0.033399 0.092779 2.22914 1.00104 
2200   -21135.8   -39.61145841 104 30 0.143705 0.085910 0.052095 0.015360 0.168344 0.134131 0.044884 0.429982 1.01143 
2220   -20788.1   -113.1900089 93 113 0.094540 0.071781 0.104559 0.061774 0.004992 0.072005 0.045142 0.592927 1.03838 
2240     -21377   -436.1686171 84 63 0.081764 0.029126 0.114712 0.029701 0.058202 0.066259 0.051452 8.84683 1.0075 
2260   -20896.5   -24.00938307 114 34 0.060101 0.116125 0.025366 0.095327 0.050552 0.030421 0.084074 0.344553 0.971012 
2280   -21314.2   -49.16254519 22 126 0.106088 0.113442 0.021005 0.068310 0.074979 0.062135 0.107433 7.26322 0.992673 
2300   -21275.1   -166.6459457 1 113 0.069167 0.113627 0.047498 0.093345 0.121958 0.098674 0.086192 1.69214 0.976321 
2320   -21645.5   -578.5247813 61 60 0.098972 0.082424 0.038788 0.073408 0.071687 0.082887 0.072744 3.41556 0.984765 
2340   -21381.1   -289.9687542 80 118 0.049458 0.081660 0.072431 0.034711 0.147690 0.121441 0.116585 6.44848 0.973066 
2360   -21072.2    -423.350507 96 42 0.087331 0.065184 0.018400 0.049249 0.100699 0.091705 0.137276 4.99994 0.934071 
2380   -21280.7   -530.3708936 63 106 0.066284 0.099795 0.072839 0.052565 0.060320 0.124001 0.097685 1.90534 0.967475 
2400   -21018.2   -35.83819425 113 41 0.084652 0.086512 0.102076 0.020682 0.025539 0.108298 0.098239 10.3719 1.01112 
2420       -inf           -inf 90 98 0.096185 0.068079 0.060480 0.046991 0.091374 0.034794 0.022601 7.41112 1.00418 
2440     -21245   -597.2310134 21 116 0.081391 0.064205 0.114996 0.088292 0.088170 0.043884 0.071534 2.32287 1.02366 
2460     -21398   -410.2576476 50 57 0.059805 0.107688 0.126677 0.068632 0.067671 0.106550 0.061654 4.68343 1.01306 
2480   -20742.8    501.3035627 45 94 0.064695 0.055709 0.069807 0.020513 0.099103 0.107676 0.068953 6.24207 1.06362 
2500   -20744.6   -184.4927739 72 107 0.008130 0.019626 0.078102 0.078619 0.120797 0.068391 0.111244 9.69296 1.03787 
2520     -20956   -261.5212506 97 6 0.090230 0.123382 0.075795 0.049361 0.069776 0.135691 0.104133 4.85652 1.06991 
2540   -21036.9   -159.1493985 47 58 0.072680 0.099009 0.043351 0.049700 0.107716 0.078808 0.042594 3.17821 0.972085 
2560   -20846.1            inf 18 53 0.038799 0.122554 0.093998 0.097409 0.090277 0.107045 0.031095 3.47144 0.996333 
2580   -21271.5    -463.891767 33 8 0.084516 0.052914 0.050191 0.062945 0.062217 0.059296 0.098193 3.18339 0.968114 
2600   -21347.8    112.9981983 16 17 0.077879 0.107662 0.063798 0.061371 0.110933 0.035172 0.043076 1.29761 0.981541 
2620       -inf           -inf 0 93 0.112881 0.086970 0.016904 0.093690 0.034872 0.073095 0.093656 9.25268 0.971151 
2640   -21035.7   -613.9764725 74 87 0.091874 0.141163 0.046761 0.116301 0.135921 0.114348 0.078126 18.4675 0.974809 
2660     -20883            inf 10 120 0.119195 0.113964 0.062481 0.126016 0.056690 0.016967 0.136932 3.29338 0.960726 
2680   -20809.8    677.7942343 39 23 0.094455 0.066440 0.024140 0.064470 0.011930 0.045705 0.092685 4.10663 1.0136 
2700   -20858.1   -91.86739897 101 89 0.065688 0.046006 0.072933 0.096725 0.104913 0.055827 0.142126 5.54904 1.01308 
2720   -20795.4    506.4473689 123 3 0.048311 0.038615 0.053170 0.100950 0.101280 0.049673 0.097031 6.03929 1.02482 
2740   -20717.3    764.8260602 89 64 0.118686 0.099516 0.029538 0.083898 0.032036 0.036389 0.057901 6.76969 1.01712 
2760   -20730.3    -181.575311 103 72 0.087748 0.097470 0.076544 0.023290 0.049539 0.128105 0.124563 9.37143 0.996406 
2780   -21508.3   -133.8734821 23 10 0.078753 0.062360 0.074926 0.026918 0.088344 0.031259 0.092456 3.70696 0.991161 
2800     -20826    93.56781128 67 2 0.112456 0.107411 0.093145 0.025452 0.061461 0.091948 0.017434 10.9244 1.02654 
2820   -20582.3    945.3307362 79 79 0.130020 0.006531 0.070820 0.060496 0.117991 0.088475 0.094241 1.13683 1.01568 
2840   -21932.1   -980.8465877 19 28 0.057880 0.045324 0.134616 0.101578 0.115411 0.067499 0.105060 1.6859 0.976555 
2860   -20908.8   -166.5645408 104 95 0.063833 0.118305 0.073508 0.060329 0.030521 0.058900 0.082352 0.62317 1.01991 
2880   -20923.5   -71.91405216 123 105 0.063083 0.018246 0.049016 0.020930 0.041078 0.069367 0.055707 8.93518 1.01206 
2900   -20917.8    23.10392337 38 24 0.013245 0.150871 0.053348 0.005212 0.053709 0.075228 0.108169 1.92499 0.995665 
2920     -20654    791.0882827 108 95 0.079475 0.066875 0.103726 0.090658 0.074074 0.055967 0.050511 0.435904 1.02305 
2940   -20882.8    37.12050014 20 41 0.140922 0.048528 0.069764 0.058637 0.131407 0.049492 0.059783 8.78576 0.953242 
2960   -21184.9   -639.7495331 109 80 0.113234 0.080236 0.097523 0.093542 0.126533 0.021603 0.102589 14.9789 0.966538 
2980   -21360.1   -173.9554125 97 18 0.100907 0.040854 0.038650 0.072886 0.084148 0.019570 0.119101 7.96258 1.04769 
3000   -21466.3   -532.5495382 78 0 0.101953 0.062065 0.089199 0.078529 0.059402 0.066828 0.101533 13.1624 1.00527 
3020   -21933.1   -1416.778908 113 89 0.082251 0.033187 0.125933 0.076853 0.081773 0.050209 0.076262 2.57521 0.98371 
3040   -20965.7   -44.38262197 112 2 0.087578 0.081395 0.052018 0.072173 0.007759 0.130873 0.012103 0.389446 0.979545 
3060   -21017.1   -176.5907284 72 16 0.140419 0.039365 0.057931 0.041334 0.008120 0.085099 0.068386 3.81591 1.0422 
3080   -21590.8   -493.4074605 99 122 0.014421 0.066293 0.091648 0.028916 0.072096 0.125478 0.050755 3.32855 1.0097 
3100     -21407            inf 15 91 0.057439 0.066146 0.081564 0.059370 0.067741 0.110519 0.039062 0.0294914 1.00826 
3120   -21570.1   -520.2655194 52 56 0.057749 0.120125 0.069650 0.036862 0.048825 0.062175 0.093074 11.1254 0.994571 
3140   -20679.1    493.0659319 9 107 0.028104 0.029128 0.033522 0.113203 0.090305 0.075059 0.061555 9.41461 0.92847 
3160   -21250.9    79.81905783 67 42 0.097044 0.075896 0.092395 0.091426 0.111367 0.106022 0.062827 3.16814 1.06539 
3180   -20957.8    467.5207444 41 53 0.119049 0.069090 0.072352 0.092441 0.029723 0.023902 0.067230 0.224041 1.06998 
3200   -20864.3    96.56008507 5 26 0.088875 0.092617 0.014590 0.104135 0.121314 0.080222 0.111813 9.14138 0.980935 
3220   -20722.3    12.82764145 87 106 0.068194 0.137454 0.093130 0.107081 0.051174 0.054899 0.105919 4.29566 1.01265 
3240   -20958.6   -104.8160409 51 62 0.047576 0.081510 0.047417 0.052929 0.101459 0.056529 0.094869 4.40857 1.0208 
3260   -21547.9   -46.05011509 13 25 0.098163 0.087514 0.123020 0.137050 0.030927 0.067883 0.025167 0.333643 1.00144 
3280   -21197.3   -209.2895528 100 17 0.078558 0.014130 0.156595 0.028478 0.027277 0.058178 0.031236 4.10074 1.00327 
3300   -21097.4    87.99081032 123 23 0.026471 0.095243 0.053280 0.037075 0.079877 0.034301 0.049584 6.60796 0.994125 
3320   -20612.9    543.1937623 126 120 0.078259 0.105563 0.049480 0.081598 0.139323 0.052628 0.099535 5.3935 1.04794 
3340   -21885.9   -1264.893187 50 126 0.072816 0.128385 0.086829 0.174002 0.087218 0.061948 0.059430 2.31612 1.0143 
3360   -20601.1            inf 51 35 0.035876 0.146777 0.069100 0.114074 0.110072 0.032118 0.073803 3.25208 0.97613 
3380   -20438.1    648.6884071 105 61 0.114662 0.033327 0.037460 0.044265 0.084536 0.087416 0.035714 2.29884 1.0446 
3400       -inf            nan 53 99 0.088019 0.162350 0.068595 0.067908 0.096220 0.017688 0.114958 5.49949 1.04126 
3420   -20975.6    38.73443569 81 126 0.070165 0.060210 0.050922 0.031369 0.069980 0.035920 0.093520 0.539926 0.963497 
3440   -20743.4    115.6890329 123 16 0.027742 0.031721 0.026592 0.047378 0.078472 0.064231 0.080845 1.50633 1.03466 
3460   -21145.4     42.5994857 48 10 0.084154 0.062241 0.047743 0.049542 0.143632 0.075072 0.112700 15.3538 1.00913 
3480   -21667.2   -886.2135216 106 19 0.119305 0.078491 0.032847 0.057355 0.054996 0.037261 0.061518 1.5938 1.00161 
3500   -21475.2    356.1430889 31 110 0.021037 0.039192 0.036898 0.122417 0.021028 0.062269 0.077532 2.06255 1.00071 
3520   -21294.3   -429.2376046 21 69 0.065185 0.013374 0.145937 0.082333 0.036552 0.057273 0.071175 1.72208 1.00677 
3540   -20761.5    455.1807489 64 5 0.082404 0.124362 0.056570 0.100017 0.068884 0.161246 0.137266 3.39071 1.01269 
3560   -20605.2    474.7226139 52 101 0.063626 0.105954 0.089833 0.052117 0.126169 0.055418 0.056524 6.83279 0.961331 
3580   -21149.9   -464.8998614 122 68 0.050908 0.018604 0.071168 0.089249 0.116038 0.032787 0.061606 0.192372 1.05656 
3600   -21089.5    210.9558811 98 9 0.074767 0.011252 0.071910 0.067627 0.096087 0.076103 0.133673 2.58837 1.01476 