#
# Code will run in posterior sampling mode.
#
# A scale parameter will be fit to the bkg model.
#
# The total number of Gibbs draws is 3600, every 20th draws will be saved.
#
# The model will be fit using the Multi Scale Prior.
#
# The data matrix is 128 by 128.
#
# The data file should contain a  2^7 by 2^7 matrix of counts.
#
# Starting Values for the smoothing parameter (alpha):
# Aggregation Level:  0,   alpha: 0.3 (Full Data)
# Aggregation Level:  1,   alpha: 0.4
# Aggregation Level:  2,   alpha: 0.5
# Aggregation Level:  3,   alpha: 0.6
# Aggregation Level:  4,   alpha: 0.7
# Aggregation Level:  5,   alpha: 0.8
# Aggregation Level:  6,   alpha: 0.9  (In the 2x2 table)
#
# The prior distribution on the total count from the multiscale component is
# Gamma(1.000000, 0.050000).
#
# The hyper-prior smoothing parameter (kappa 2) is 1000.
#
iteration logPost stepSize cycleSpinRow cycleSpinCol smoothingParam0 smoothingParam1 smoothingParam2 smoothingParam3 smoothingParam4 smoothingParam5 smoothingParam6 expectedMSCounts bkgScale 
20   -20742.9    92.80559996 55 116 0.009600 0.030249 0.043467 0.114542 0.164072 0.187176 0.133363 75.5773 0.898613 
40   -20518.8            inf 82 7 0.051784 0.047316 0.110128 0.071595 0.066146 0.031780 0.090840 12.4832 0.965799 
60       -inf           -inf 79 120 0.046384 0.094677 0.099976 0.074712 0.086286 0.051117 0.082436 0.565608 1.02578 
80   -20182.5    718.3134497 41 74 0.119007 0.044264 0.083683 0.083119 0.111001 0.046149 0.049141 1.12967 0.980216 
100   -22456.6   -1414.985076 55 72 0.068773 0.041860 0.081383 0.038682 0.062039 0.097721 0.070402 1.70882 1.00083 
120   -20798.4    446.8027147 94 108 0.133656 0.089526 0.072088 0.063606 0.073406 0.097860 0.033277 8.45929 0.980235 
140   -20727.6   -102.3284464 121 117 0.034165 0.077171 0.120569 0.029949 0.102903 0.095824 0.035191 1.47405 1.01636 
160   -20620.2    733.5208205 67 28 0.091046 0.071409 0.106434 0.158264 0.022920 0.044739 0.022629 0.938254 0.972182 
180   -20531.8    222.0938514 20 14 0.079899 0.059179 0.067274 0.152493 0.112999 0.153924 0.098904 5.59669 0.963876 
200   -20678.1   -127.1824643 92 77 0.053408 0.040865 0.090138 0.015598 0.110774 0.039625 0.026609 0.174656 0.957763 
220   -20881.2    231.1239707 76 106 0.061130 0.110549 0.054459 0.017617 0.015215 0.055401 0.023822 3.98599 0.958549 
240   -20591.7    62.51808886 41 53 0.077332 0.114549 0.124525 0.112737 0.046725 0.060543 0.054665 0.424175 0.993911 
260   -20967.3   -183.6590475 121 38 0.047238 0.083730 0.082116 0.074776 0.135577 0.066867 0.112197 2.39758 0.980512 
280   -20721.8    460.4937432 33 62 0.048083 0.041023 0.037946 0.125816 0.075460 0.095610 0.152007 15.6285 0.908956 
300   -20558.6    490.2164132 34 92 0.106822 0.119367 0.075241 0.023437 0.090404 0.052568 0.123159 7.9843 0.992124 
320   -20665.5    555.1327177 109 9 0.067631 0.023907 0.073145 0.058321 0.073182 0.090103 0.085679 4.49327 0.934596 
340   -21380.1     -409.25469 13 20 0.112521 0.027015 0.117865 0.061233 0.098553 0.024152 0.122491 10.0466 1.02549 
360   -20452.5    216.0941647 37 1 0.126030 0.040068 0.111262 0.013534 0.050609 0.095538 0.032026 8.31274 0.972602 
380   -21803.3   -1560.532085 4 16 0.098549 0.099000 0.065947 0.057728 0.029807 0.092697 0.071284 9.32939 0.975231 
400       -inf           -inf 47 12 0.049694 0.071456 0.027914 0.165338 0.004565 0.077934 0.044405 4.6063 1.03513 
420   -20383.3    754.9536523 98 10 0.050873 0.111900 0.123901 0.043539 0.081003 0.073329 0.108163 3.54455 1.02026 
440   -20579.6    -61.7265295 54 36 0.034173 0.130507 0.031068 0.060855 0.106895 0.046736 0.083367 9.29707 0.938105 
460   -20981.4   -37.39711856 41 19 0.034216 0.011935 0.084618 0.104776 0.120075 0.038270 0.040227 15.1467 0.918618 
480       -inf           -inf 52 66 0.082842 0.074851 0.060408 0.072149 0.098378 0.020403 0.073243 2.5698 0.967257 
500   -21009.9   -512.2093868 36 45 0.089567 0.036876 0.052100 0.068878 0.075279 0.135444 0.116401 7.69644 0.991619 
520   -20880.8    448.6103579 40 24 0.080665 0.078246 0.087535 0.099939 0.086311 0.106900 0.082305 1.84016 0.935637 
540   -20914.8    562.3274528 43 123 0.064457 0.072563 0.089500 0.097931 0.129879 0.036389 0.064993 2.06888 1.04657 
560   -20905.5     631.622615 63 35 0.071378 0.052343 0.109751 0.051244 0.112312 0.031820 0.063093 6.30208 1.00367 
580   -21699.5   -1126.827193 69 5 0.068428 0.095575 0.049468 0.060701 0.063248 0.075359 0.112510 10.8482 0.983856 
600     -21372   -873.8385225 87 52 0.106685 0.065172 0.069466 0.057514 0.112269 0.030704 0.062349 0.823986 0.983865 
620   -20508.8    212.3898571 33 84 0.093853 0.047237 0.133858 0.038383 0.105946 0.049983 0.078096 1.53432 1.02775 
640   -20701.4            inf 88 42 0.118348 0.088978 0.078724 0.077532 0.065438 0.067931 0.141687 8.78439 0.967374 
660   -21298.3   -322.2767464 45 34 0.064321 0.077424 0.038015 0.066713 0.124936 0.023257 0.089487 0.325917 0.98018 
680   -21067.9    432.9529345 49 74 0.065115 0.079096 0.119795 0.055723 0.053067 0.064100 0.119078 7.77446 0.927122 
700     -20553    510.5864667 96 102 0.030973 0.135393 0.068610 0.080144 0.095916 0.076334 0.083007 6.83031 1.00885 
720   -21521.1   -363.5119367 102 37 0.039010 0.120947 0.092630 0.006366 0.068307 0.061524 0.136901 0.663272 1.00685 
740   -20612.7            inf 59 33 0.103825 0.054833 0.069421 0.037616 0.099752 0.116441 0.037924 6.22851 0.982365 
760     -20441    317.1555803 64 97 0.077366 0.018536 0.027999 0.062094 0.048090 0.028783 0.072062 14.3599 0.974956 
780   -21513.4   -867.2140051 124 67 0.062739 0.083200 0.066383 0.078269 0.014377 0.137403 0.060342 0.890829 0.986485 
800   -21218.2            inf 122 38 0.134609 0.064539 0.070150 0.093000 0.110371 0.065962 0.030021 0.379891 1.00098 
820   -21275.6     530.202234 61 89 0.076763 0.038178 0.115178 0.117301 0.097200 0.078769 0.114398 3.25122 1.02113 
840   -20624.4    534.9957339 7 74 0.030295 0.131712 0.065043 0.044773 0.102537 0.096551 0.034125 7.09565 0.970853 
860     -21032   -232.4615485 100 96 0.084706 0.041329 0.098292 0.095865 0.055177 0.022494 0.119950 4.19075 0.960404 
880   -21449.1   -374.6548907 90 116 0.088234 0.046836 0.107809 0.118593 0.017992 0.145144 0.081751 2.91861 0.976378 
900   -21224.6   -474.2756096 100 117 0.088262 0.137563 0.067634 0.057108 0.061161 0.069106 0.099498 2.75581 0.995222 
920   -20642.7    973.6867285 111 61 0.084189 0.042665 0.085868 0.080133 0.118005 0.039226 0.039545 2.92293 0.996275 
940   -21259.2    -137.362319 19 13 0.120133 0.101788 0.069295 0.043986 0.036256 0.048883 0.093430 2.76945 0.999662 
960   -21129.2   -512.8043309 101 94 0.108472 0.134931 0.081368 0.051189 0.025965 0.060553 0.086513 2.17079 0.980875 
980   -21100.4    644.8808168 3 14 0.106669 0.125595 0.102793 0.011160 0.084709 0.021411 0.083480 0.485196 0.987089 
1000   -20956.1    358.3029113 98 40 0.097539 0.061989 0.073249 0.123801 0.057541 0.132761 0.147935 0.180265 0.990108 
1020   -20926.3    187.7666174 34 75 0.105450 0.036367 0.088142 0.028296 0.087537 0.071620 0.048572 5.70719 0.986782 
1040   -20608.7    272.2805099 14 96 0.113396 0.102088 0.095327 0.050803 0.093831 0.083327 0.073278 14.8466 1.00871 
1060   -22129.8            inf 7 102 0.098951 0.028719 0.068056 0.011960 0.027742 0.120598 0.057339 6.0756 0.956577 
1080     -20865    148.5611273 8 15 0.026432 0.063155 0.066150 0.032052 0.034761 0.078382 0.070990 5.82801 0.995999 
1100       -inf           -inf 19 39 0.028552 0.144542 0.085798 0.082184 0.071999 0.052274 0.065501 1.29617 1.05792 
1120     -20848     707.634745 55 80 0.140474 0.033931 0.083777 0.081816 0.043129 0.029860 0.093142 2.58023 0.983059 
1140   -21212.3   -266.8501191 97 80 0.024351 0.076038 0.054589 0.124126 0.022169 0.141767 0.034085 2.06642 0.978442 
1160   -20699.9   -245.7260555 105 24 0.109292 0.085846 0.062179 0.062525 0.136222 0.090652 0.062273 5.71928 1.06884 
1180   -21449.2   -362.8918001 50 124 0.109282 0.041077 0.043528 0.089674 0.024659 0.117805 0.125894 2.16716 0.952224 
1200   -21301.4   -71.06575264 86 52 0.063076 0.061734 0.093205 0.103808 0.086006 0.097640 0.028279 7.00388 0.98357 
1220   -20537.9   -7.636101546 81 36 0.081866 0.098620 0.042290 0.042205 0.097276 0.136115 0.095789 3.8009 0.989297 
1240   -21128.9   -365.1607868 111 98 0.087294 0.019567 0.062270 0.109728 0.027923 0.065261 0.123096 2.51407 0.933032 
1260   -20970.3    291.7453868 55 95 0.140637 0.061768 0.072846 0.073639 0.067042 0.131262 0.114926 3.54697 1.04932 
1280   -21656.7   -1033.335485 64 91 0.098922 0.091745 0.017331 0.004938 0.140286 0.069399 0.084865 10.2223 0.947221 
1300   -20692.4    681.6545289 15 58 0.088420 0.109641 0.071500 0.088436 0.083725 0.095867 0.127866 1.89485 1.00316 
1320   -20572.5    671.8944509 99 41 0.034976 0.020157 0.069242 0.148094 0.049543 0.010429 0.027862 4.14847 0.934717 
1340     -20473    1040.025111 38 58 0.092973 0.097953 0.066642 0.052043 0.070219 0.079515 0.063985 5.60122 1.05513 
1360   -20950.9    504.8824542 53 38 0.062625 0.033223 0.114356 0.105658 0.069524 0.116138 0.079671 2.59991 0.964807 
1380   -20837.4   -18.43870543 48 71 0.116320 0.086870 0.027556 0.102765 0.070863 0.068224 0.020960 8.32611 0.977382 
1400   -20847.7    -233.945554 2 46 0.059521 0.107653 0.074144 0.083039 0.037368 0.057135 0.044398 8.43603 0.966557 
1420   -21010.6     412.510445 31 56 0.065759 0.073690 0.131767 0.104790 0.102059 0.136669 0.108587 5.47878 0.963716 
1440     -20816    599.6802548 73 0 0.085682 0.027560 0.053640 0.075251 0.164018 0.104634 0.093298 29.2837 0.988756 
1460   -20968.3    354.4987063 2 121 0.048227 0.010971 0.053087 0.130984 0.055838 0.040501 0.072560 14.6467 0.979427 
1480   -21054.8    240.5253529 37 83 0.100258 0.092978 0.089760 0.123508 0.049021 0.133260 0.087545 3.75922 1.01807 
1500   -20840.9    791.5602548 62 35 0.045079 0.115468 0.061158 0.055068 0.076549 0.080507 0.020126 0.269753 0.991786 
1520   -21058.3   -53.87641378 28 43 0.038818 0.083993 0.015460 0.028239 0.046929 0.023072 0.063770 16.038 0.989642 
1540   -20825.6   -217.4214776 22 96 0.073472 0.070791 0.145085 0.031593 0.099083 0.090543 0.099534 8.10696 0.991539 
1560   -20950.9   -368.5169189 66 54 0.092954 0.084619 0.047419 0.062084 0.032122 0.101183 0.016073 6.60243 0.975627 
1580     -21425   -374.5414475 74 103 0.035701 0.046447 0.079367 0.093780 0.071769 0.059821 0.070865 0.416784 0.929156 
1600   -21275.7    -738.499806 75 36 0.062455 0.129751 0.087557 0.115899 0.061222 0.054482 0.059664 2.74823 0.965549 
1620   -21083.5   -27.80030819 50 26 0.065274 0.068661 0.035846 0.093705 0.040627 0.115218 0.089994 3.54271 0.980594 
1640   -20742.8            inf 117 42 0.075465 0.039519 0.076462 0.056768 0.079100 0.065934 0.130097 4.29812 0.982288 
1660   -20472.2    306.7098357 84 42 0.043741 0.037746 0.046780 0.098054 0.065850 0.044861 0.135074 0.945624 0.973944 
1680       -inf           -inf 98 23 0.092216 0.159611 0.052053 0.040831 0.094148 0.044856 0.074292 2.52639 0.982378 
1700     -20736    99.40579815 108 98 0.032716 0.081289 0.045386 0.089051 0.086224 0.092325 0.094049 13.3731 0.982525 
1720   -20745.4    359.4942424 23 5 0.108654 0.043392 0.094489 0.064367 0.048078 0.004078 0.094688 4.93921 1.00806 
1740   -21003.4     26.6021692 16 123 0.055030 0.102340 0.071016 0.082700 0.060812 0.072281 0.054439 0.360402 1.03013 
1760   -20834.3    504.3827387 51 82 0.052620 0.071238 0.110456 0.186973 0.048801 0.024349 0.030735 0.468346 1.00379 
1780   -20348.2    331.5523747 4 125 0.061668 0.070132 0.095443 0.032506 0.068793 0.146556 0.018901 3.36285 1.01196 
1800   -21168.5   -291.3658336 98 43 0.090814 0.070183 0.066763 0.147762 0.041092 0.047126 0.140707 7.31302 0.98254 
1820   -21569.8   -639.5002988 93 14 0.046131 0.051124 0.098303 0.123014 0.099301 0.039569 0.060862 2.10462 0.956434 
1840   -20691.3    357.9627482 80 8 0.039343 0.072010 0.039301 0.111223 0.082435 0.056166 0.120153 26.8914 0.943818 
1860   -20675.6    522.2075912 107 111 0.033443 0.141725 0.116408 0.100904 0.110617 0.018534 0.052006 2.09265 0.949628 
1880   -20801.4   -162.6086877 5 54 0.080755 0.069468 0.091294 0.056194 0.063904 0.083958 0.037516 5.74573 1.02992 
1900   -20687.8    233.8004298 29 85 0.064978 0.079888 0.070484 0.072041 0.024649 0.157542 0.028915 7.39153 1.00975 
1920   -20633.5    364.0116741 119 14 0.115050 0.109595 0.039016 0.025879 0.092170 0.001932 0.111196 0.905846 1.01544 
1940   -21377.7   -977.6716005 85 100 0.026204 0.080715 0.057971 0.100168 0.095012 0.049507 0.097143 6.62108 0.976008 
1960   -21532.1   -634.5247685 14 106 0.035035 0.049537 0.141400 0.039259 0.086423 0.052777 0.095131 6.61926 0.962666 
1980   -20610.4    97.28330124 94 64 0.036296 0.028135 0.056377 0.062910 0.126349 0.174526 0.109401 7.53477 0.996599 
2000   -21139.8   -600.9077157 81 94 0.069112 0.026856 0.024831 0.018268 0.058108 0.075739 0.085769 0.424311 1.04578 
2020   -21123.2    160.7282334 52 25 0.055942 0.102439 0.018539 0.023083 0.049618 0.057415 0.078789 5.90911 0.985521 
2040   -21084.7            inf 23 31 0.082928 0.085716 0.041898 0.036567 0.065261 0.076692 0.051283 2.25659 0.96111 
2060     -20517    333.7889088 100 104 0.122782 0.135159 0.051324 0.121406 0.007932 0.042563 0.141458 1.47638 0.962811 
2080   -20576.8    1080.587715 109 22 0.083549 0.078252 0.020056 0.092434 0.058628 0.063763 0.030879 11.7597 1.01233 
2100   -21238.3   -293.5784831 1 25 0.072648 0.062926 0.023781 0.098356 0.076406 0.057347 0.058328 4.5774 0.947544 
2120   -21047.3    -141.779482 47 65 0.062847 0.041637 0.112388 0.146316 0.102532 0.042406 0.077228 0.896698 0.953372 
2140     -20821            inf 48 72 0.100452 0.082424 0.099358 0.172008 0.066944 0.086423 0.060926 2.1106 0.957346 
2160   -20742.3   -130.4288775 80 126 0.132911 0.091189 0.033070 0.136865 0.108539 0.137806 0.028914 3.42815 0.988838 
2180   -20842.4    140.3369582 106 115 0.024013 0.071162 0.075854 0.093264 0.096892 0.053805 0.132056 2.25938 1.00981 
2200   -20696.7    774.1350207 2 111 0.053912 0.038258 0.091064 0.046596 0.116780 0.095654 0.040656 8.3669 1.03129 
2220   -20788.7   -138.1496824 97 44 0.089149 0.032978 0.053318 0.141565 0.066676 0.107396 0.071830 5.56812 0.952512 
2240   -20687.3    430.3486654 21 22 0.077008 0.090086 0.052577 0.046055 0.042390 0.009668 0.102270 0.455673 0.996528 
2260     -20784            inf 23 97 0.023801 0.053062 0.160376 0.014495 0.069587 0.129188 0.112314 2.29113 1.0176 
2280   -21204.4   -71.92656442 100 104 0.047505 0.055077 0.024853 0.032345 0.039914 0.015113 0.078098 5.13387 1.00098 
2300   -21180.5            inf 79 37 0.085094 0.040607 0.041876 0.004996 0.115261 0.044412 0.168884 1.09283 0.981529 
2320       -inf           -inf 117 99 0.135818 0.101672 0.052786 0.124190 0.004761 0.078912 0.032739 4.31955 0.949125 
2340   -20733.5    284.1020894 94 0 0.076107 0.053727 0.021683 0.062710 0.050832 0.073958 0.027551 2.64389 1.01278 
2360   -21155.1    451.6616781 9 109 0.022812 0.038729 0.042020 0.098692 0.125884 0.046668 0.123217 3.34813 1.03037 
2380     -20960    43.13346367 15 24 0.077542 0.030270 0.109163 0.071641 0.019910 0.037627 0.077794 2.39444 1.01815 
2400   -20761.4   -83.34448288 22 127 0.045039 0.071989 0.091457 0.050221 0.108173 0.104071 0.130707 3.44633 0.990228 
2420       -inf           -inf 64 79 0.060937 0.110373 0.042296 0.094701 0.034075 0.073978 0.067490 3.76987 0.941492 
2440   -20968.8   -572.8290438 115 22 0.088134 0.121433 0.042400 0.069899 0.131216 0.164462 0.086327 0.250817 1.00663 
2460     -21006   -197.0386272 78 127 0.042553 0.113076 0.097635 0.083352 0.093794 0.103942 0.082518 1.90084 0.983087 
2480   -20547.8     538.220844 54 57 0.023793 0.062922 0.057927 0.053720 0.128957 0.096431 0.065654 3.66682 0.967766 
2500     -20757     719.325627 85 102 0.083414 0.094903 0.017340 0.135341 0.145783 0.039837 0.068464 5.98349 0.983757 
2520   -21197.8   -294.2424088 5 21 0.097952 0.049134 0.033960 0.138629 0.017006 0.100866 0.066007 13.2469 0.986898 
2540   -20678.1    32.41194529 79 30 0.023888 0.096661 0.111275 0.019136 0.030186 0.084590 0.123498 8.27831 0.973689 
2560   -20545.8    431.8543208 107 102 0.141896 0.045551 0.005563 0.081721 0.051699 0.082480 0.106863 7.87602 1.02558 
2580   -20657.9    28.70499375 57 98 0.162039 0.118998 0.068837 0.133415 0.052387 0.133345 0.065149 3.24199 0.984722 
2600   -20455.3    780.5912129 1 82 0.029925 0.047029 0.144396 0.021087 0.093515 0.062395 0.034355 5.28288 1.0244 
2620   -20759.7   -167.9150391 30 27 0.029573 0.085186 0.122459 0.053893 0.081357 0.050354 0.093601 2.91249 1.03861 
2640   -21338.9   -253.4124126 85 70 0.042548 0.046696 0.052617 0.084743 0.072736 0.080178 0.080771 6.04312 0.986407 
2660   -20779.3    722.7041174 12 43 0.051496 0.125534 0.083905 0.088630 0.072724 0.058919 0.037496 1.2822 0.988255 
2680   -21041.5   -199.9254593 115 97 0.090801 0.082130 0.101281 0.057777 0.054939 0.090912 0.055917 0.167349 0.986913 
2700   -20906.4   -180.8820795 108 119 0.098257 0.027106 0.045519 0.096509 0.084872 0.078651 0.096035 0.789683 0.978369 
2720       -inf           -inf 92 79 0.092713 0.059733 0.119187 0.079858 0.067378 0.070715 0.060984 0.17532 1.00895 
2740   -20867.8    140.0891705 64 67 0.112991 0.084839 0.083142 0.028746 0.148171 0.116116 0.128469 2.17023 1.02656 
2760   -20642.9   -60.59618758 27 96 0.037488 0.044561 0.084554 0.087998 0.062314 0.149938 0.109612 8.75148 0.956033 
2780   -20919.1   -207.0334886 59 108 0.083968 0.107981 0.060273 0.027178 0.101988 0.115303 0.034481 0.0107057 0.947982 
2800       -inf           -inf 24 116 0.135369 0.101414 0.104580 0.051928 0.089867 0.088299 0.124685 1.79204 1.00353 
2820   -20426.3    473.2540389 15 79 0.086013 0.053372 0.034308 0.045092 0.185554 0.077648 0.141318 5.817 0.958934 
2840   -20716.7    466.4804031 118 4 0.067936 0.073097 0.126142 0.079544 0.090661 0.061812 0.123915 7.81033 0.999522 
2860   -21048.9    -236.058661 69 8 0.067273 0.101065 0.123641 0.081434 0.022882 0.081068 0.039228 8.44313 1.02531 
2880   -21475.2   -869.2992489 13 63 0.017860 0.048401 0.077782 0.106417 0.080665 0.067322 0.078991 2.063 0.916718 
2900     -20718      5.8651661 126 49 0.024937 0.092932 0.046605 0.067479 0.053116 0.029447 0.081476 3.63384 0.962333 
2920   -20808.6    582.6347451 16 71 0.047212 0.058073 0.016828 0.064716 0.026728 0.127044 0.099657 8.99108 0.906428 
2940   -20752.6    137.1455554 76 53 0.045086 0.093180 0.093197 0.116552 0.064062 0.143277 0.048945 7.46571 1.01706 
2960   -20630.5    626.9658213 40 69 0.003570 0.072621 0.133953 0.071091 0.054155 0.041827 0.039366 1.74384 1.0342 
2980   -20516.9    299.7440878 18 95 0.061547 0.027515 0.127523 0.049182 0.039717 0.053843 0.065248 0.193127 1.00151 
3000   -20639.4    759.1659294 123 82 0.068795 0.118028 0.074659 0.045125 0.103126 0.057096 0.027430 0.656511 0.989148 
3020   -20723.8    36.35701697 107 27 0.034056 0.075999 0.085755 0.061684 0.095861 0.124491 0.045525 3.79338 0.970366 
3040   -21742.8   -974.2283798 22 42 0.018468 0.040868 0.044908 0.102331 0.036056 0.106640 0.078104 12.0091 0.933972 
3060   -20939.8    1309.300487 75 61 0.114079 0.073778 0.100386 0.082799 0.072899 0.080994 0.083978 12.0895 0.975178 
3080   -20903.6   -85.28373681 54 22 0.092856 0.024513 0.094410 0.083394 0.056740 0.024566 0.133599 11.839 0.986167 
3100   -20994.5    29.37100493 113 115 0.061007 0.070093 0.091093 0.075744 0.010026 0.101654 0.104858 9.47741 0.955411 
3120     -20611    98.09378956 56 45 0.029200 0.124082 0.058571 0.072626 0.031969 0.056686 0.125078 10.9695 1.01535 
3140   -20594.3            inf 2 96 0.069922 0.093492 0.091890 0.093489 0.045454 0.125902 0.125159 5.27118 0.979406 
3160   -20806.9   -34.25285886 55 60 0.112204 0.043763 0.061619 0.055505 0.120297 0.074171 0.104615 6.33723 0.978973 
3180       -inf           -inf 91 121 0.111514 0.022957 0.080101 0.051202 0.076882 0.057999 0.076375 9.47001 0.97993 
3200   -21015.2   -368.0720329 97 122 0.129806 0.051250 0.049882 0.042801 0.022149 0.130308 0.109002 11.1056 0.964097 
3220   -20659.4    466.2499651 63 124 0.073322 0.111985 0.091772 0.040305 0.063503 0.018565 0.019625 6.97686 0.985481 
3240   -21090.8   -266.6769068 92 22 0.050674 0.079882 0.147074 0.135950 0.033650 0.122444 0.187871 0.530546 0.986611 
3260   -20442.4    -54.0249891 94 88 0.120402 0.018343 0.012316 0.059044 0.069305 0.095097 0.052746 7.1951 0.969633 
3280   -21010.7    172.4578254 61 60 0.041094 0.008879 0.060905 0.029591 0.031524 0.107650 0.110135 3.88303 0.985153 
3300   -21377.6   -417.6312227 74 63 0.070362 0.069502 0.026770 0.050849 0.051375 0.092021 0.114145 0.886267 1.00752 
3320   -20653.8    127.9401106 36 61 0.050302 0.098054 0.119069 0.073901 0.060286 0.108737 0.084628 0.340216 1.00758 
3340   -21011.7   -411.2564643 126 1 0.031736 0.127300 0.058415 0.034191 0.100488 0.136331 0.068430 12.8805 0.958867 
3360   -21066.6            inf 2 35 0.120640 0.116429 0.075990 0.039055 0.058326 0.152362 0.118077 27.0897 0.938007 
3380   -20852.8     5.77074448 67 122 0.072165 0.088838 0.087507 0.083918 0.102714 0.080924 0.127563 4.79229 0.939309 
3400       -inf           -inf 37 73 0.125385 0.105506 0.044068 0.126073 0.099213 0.087178 0.032712 3.53297 0.993401 
3420   -21356.5   -602.0956336 32 12 0.070758 0.052864 0.085364 0.117735 0.034800 0.018962 0.079842 2.1788 0.98698 
3440       -inf           -inf 79 11 0.054695 0.072101 0.092131 0.133359 0.108712 0.125682 0.045056 15.0553 0.950427 
3460   -21655.7            inf 97 45 0.085879 0.041957 0.085066 0.131849 0.069823 0.056053 0.070368 3.62545 1.01434 
3480   -20739.4   -272.0195871 68 60 0.092922 0.044422 0.035462 0.098825 0.124785 0.128595 0.095472 2.53436 0.954086 
3500   -21190.9   -436.0100584 55 67 0.078492 0.077576 0.068273 0.040809 0.031180 0.051202 0.043003 0.929117 0.985012 
3520       -inf           -inf 25 2 0.016078 0.142702 0.063613 0.062704 0.025326 0.079373 0.066333 0.00957566 0.933493 
3540   -20808.8    -184.243132 49 9 0.049709 0.034322 0.091298 0.038363 0.080019 0.114778 0.097964 8.03008 0.956377 
3560   -21929.4   -769.2427371 69 109 0.087178 0.073629 0.143174 0.075856 0.030836 0.045273 0.081607 14.6824 0.972264 
3580       -inf           -inf 123 10 0.084623 0.126153 0.096708 0.072521 0.026182 0.077869 0.107369 12.475 0.983636 
3600   -21547.4   -105.3315894 54 59 0.108954 0.121036 0.095767 0.094941 0.050620 0.048398 0.069538 0.105087 0.973283 