#
# Code will run in posterior sampling mode.
#
# A scale parameter will be fit to the bkg model.
#
# The total number of Gibbs draws is 900, every 5th draws will be saved.
#
# The model will be fit using the Multi Scale Prior.
#
# The data matrix is 128 by 128.
#
# The data file should contain a  2^7 by 2^7 matrix of counts.
#
# Starting Values for the smoothing parameter (alpha):
# Aggregation Level:  0,   alpha: 0.003 (Full Data)
# Aggregation Level:  1,   alpha: 0.004
# Aggregation Level:  2,   alpha: 0.005
# Aggregation Level:  3,   alpha: 0.006
# Aggregation Level:  4,   alpha: 0.007
# Aggregation Level:  5,   alpha: 0.008
# Aggregation Level:  6,   alpha: 0.009  (In the 2x2 table)
#
# The prior distribution on the total count from the multiscale component is
# Gamma(1.000000, 0.050000).
#
# The hyper-prior smoothing parameter (kappa 2) is 1000.
#
iteration logPost stepSize cycleSpinRow cycleSpinCol smoothingParam0 smoothingParam1 smoothingParam2 smoothingParam3 smoothingParam4 smoothingParam5 smoothingParam6 expectedMSCounts bkgScale 
5   -21248.3   -229.0122115 70 19 0.116662 0.101135 0.172362 0.239928 0.007000 0.181474 0.036884 181.176 0.787055 
10   -21112.4   -289.6139272 78 32 0.072938 0.124545 0.143533 0.191249 0.007000 0.166437 0.112397 111.461 0.797592 
15     -20729   -49.59439465 66 92 0.035353 0.098683 0.110620 0.138701 0.163680 0.098502 0.058175 55.8504 0.90375 
20   -20975.6   -632.3466662 116 18 0.062038 0.080507 0.085785 0.046476 0.070555 0.151607 0.057605 35.4096 0.90026 
25   -20645.4            inf 54 98 0.020865 0.075360 0.053218 0.075854 0.079660 0.156069 0.088727 28.2678 0.946416 
30   -20542.2     146.200421 110 71 0.111067 0.083468 0.088004 0.075096 0.135472 0.087801 0.097496 19.9317 0.973398 
35       -inf           -inf 74 120 0.018407 0.082589 0.075496 0.009736 0.070392 0.091735 0.140640 19.8193 0.97429 
40     -20453    169.7931574 11 88 0.085004 0.139316 0.126286 0.064695 0.067732 0.081850 0.125237 15.3151 0.979162 
45       -inf           -inf 48 56 0.088945 0.068656 0.040167 0.044117 0.048102 0.115991 0.169254 13.1759 0.976964 
50   -20539.1    23.99962489 23 6 0.068443 0.058951 0.067599 0.078293 0.059729 0.100294 0.051707 24.2243 0.96981 
55   -20932.4            inf 111 12 0.045430 0.034760 0.071723 0.093358 0.043377 0.055183 0.127639 7.72221 0.943415 
60   -20819.6     959.508933 12 111 0.104244 0.122748 0.023352 0.031874 0.032750 0.112122 0.147960 7.96515 0.969516 
65   -20400.5    375.8092211 33 92 0.073708 0.087515 0.112905 0.124518 0.052439 0.077037 0.112883 17.53 0.89766 
70   -21088.8            inf 33 49 0.118651 0.025516 0.124925 0.123282 0.073657 0.098798 0.099431 15.1711 0.924065 
75     -20381    492.2792433 22 10 0.068080 0.024616 0.086554 0.051329 0.086086 0.030370 0.091880 10.1403 0.93548 
80   -20706.1   -349.8925389 1 52 0.099986 0.044759 0.067297 0.087370 0.113141 0.121374 0.066142 17.5291 0.918314 
85   -20729.4    27.75236579 53 103 0.039867 0.044196 0.090482 0.028925 0.043321 0.086043 0.061384 11.2839 0.910426 
90   -21066.9   -428.7144229 15 99 0.106695 0.048912 0.055233 0.082235 0.069928 0.069710 0.098494 5.15619 0.962322 
95   -20863.3            inf 58 86 0.134252 0.088757 0.044346 0.022727 0.082296 0.120388 0.088008 7.48551 0.92415 
100   -21381.1    -728.473185 35 126 0.032462 0.102652 0.085997 0.041886 0.102903 0.073456 0.077127 5.447 0.946344 
105   -20639.6    697.0555706 53 71 0.096373 0.079314 0.057678 0.089104 0.027413 0.029072 0.151621 12.4265 0.947525 
110   -21035.3   -181.3963922 48 39 0.118246 0.051978 0.118722 0.120207 0.084111 0.088410 0.048380 15.2895 0.92564 
115   -21045.7   -393.4986882 14 88 0.059088 0.098931 0.082376 0.135277 0.061452 0.110917 0.106440 12.0217 0.924344 
120   -20465.1    219.6978634 13 45 0.134762 0.111593 0.077850 0.043766 0.097816 0.055743 0.097107 15.3861 0.977396 
125   -21689.9   -1146.703051 108 2 0.006481 0.115831 0.114196 0.030693 0.052504 0.080395 0.081655 4.83079 0.97644 
130   -20293.7    418.7799873 51 93 0.072274 0.022317 0.065361 0.013313 0.104782 0.081382 0.099566 9.77294 0.977792 
135   -20455.9    45.50323263 101 27 0.051460 0.020931 0.075095 0.054497 0.112820 0.070036 0.144339 9.8263 1.00458 
140   -20614.6   -212.9037354 116 103 0.109865 0.071802 0.090022 0.085203 0.110626 0.075253 0.102048 7.92696 0.929894 
145   -20708.7    601.7297271 21 64 0.096194 0.105264 0.060619 0.072318 0.099549 0.032595 0.088422 17.5105 0.92681 
150   -21049.6   -306.4743501 75 41 0.037109 0.033904 0.088283 0.054152 0.063230 0.007870 0.097757 6.66325 0.986069 
155   -20483.6    281.8553448 6 55 0.102335 0.041874 0.021848 0.042865 0.112586 0.068412 0.103162 0.888733 0.942741 
160   -20625.5   -23.01223977 101 9 0.022055 0.112474 0.069872 0.046079 0.061544 0.017941 0.040891 3.59812 0.922427 
165   -20770.9    91.35815731 38 39 0.114614 0.040880 0.138346 0.070443 0.022180 0.077509 0.132392 2.14987 0.952679 
170       -inf           -inf 0 116 0.043125 0.089467 0.049072 0.018326 0.064303 0.080337 0.093681 3.43709 0.949961 
175   -20456.1   -222.5182755 63 111 0.157627 0.054044 0.078732 0.033157 0.016318 0.146528 0.087986 3.43778 0.94786 
180   -20769.5    731.1069237 14 72 0.065359 0.040667 0.142003 0.008237 0.097941 0.032777 0.063573 2.52496 0.980153 
185   -20739.2            inf 76 125 0.059282 0.055398 0.049213 0.035011 0.047604 0.063077 0.020679 2.0828 0.905913 
190   -20834.4   -175.0640637 123 107 0.077208 0.148973 0.021600 0.136112 0.035804 0.036187 0.066911 3.88166 0.943584 
195       -inf           -inf 65 70 0.089867 0.101361 0.071466 0.050466 0.109803 0.088904 0.038819 6.66405 0.984055 
200   -20880.2   -205.8989004 86 36 0.086678 0.066515 0.066591 0.009632 0.053845 0.045988 0.154377 5.90677 0.95968 
205     -20944   -462.4669692 96 100 0.032991 0.081801 0.100805 0.061890 0.082504 0.103638 0.078875 6.80555 0.975334 
210   -20662.9   -276.0411888 85 124 0.111950 0.055888 0.133576 0.149308 0.085898 0.107245 0.030759 6.53616 0.994842 
215   -20852.9    49.80505894 101 12 0.058274 0.098608 0.113582 0.137570 0.102520 0.081325 0.119096 4.18656 0.91396 
220   -20648.8    421.4233518 100 117 0.070092 0.120691 0.072573 0.110974 0.044385 0.059953 0.029456 5.32588 0.95953 
225   -20945.4   -311.4455996 121 80 0.039721 0.063638 0.091397 0.098245 0.085481 0.086333 0.027473 2.8731 0.978438 
230   -21250.3            inf 20 51 0.136364 0.067952 0.082937 0.083073 0.049098 0.052125 0.076203 3.08083 0.908778 
235       -inf           -inf 86 45 0.130091 0.104076 0.028201 0.052286 0.012195 0.069032 0.076212 3.5625 0.997019 
240   -20754.5    353.7578927 43 23 0.120604 0.091714 0.073870 0.037089 0.082634 0.141896 0.071059 2.95891 0.941355 
245       -inf           -inf 35 96 0.101465 0.135155 0.108886 0.096025 0.112184 0.041705 0.169982 7.46794 0.901214 
250     -20964   -544.4434172 62 55 0.018214 0.043757 0.081228 0.086232 0.060578 0.053579 0.048290 10.5497 0.953626 
255       -inf           -inf 119 71 0.049205 0.054463 0.054802 0.089265 0.043714 0.068842 0.062019 15.2369 0.98538 
260   -21130.7   -377.9048619 105 88 0.010437 0.093044 0.077462 0.105872 0.064795 0.048996 0.031761 6.36927 0.950879 
265   -20579.9    1.798918647 118 3 0.060774 0.009128 0.062075 0.089998 0.032799 0.088111 0.102006 6.1038 0.909725 
270   -20403.7    382.0018671 93 44 0.114488 0.105766 0.008981 0.049535 0.117058 0.053013 0.120375 6.10063 0.959897 
275   -20847.6            inf 63 70 0.013024 0.062305 0.046609 0.045312 0.009924 0.111139 0.117355 2.63823 0.944193 
280   -20496.7   -214.3987431 96 49 0.105841 0.137472 0.043644 0.083125 0.020282 0.053093 0.062380 4.80987 0.928366 
285   -20703.8    109.5866898 115 72 0.060327 0.061518 0.116356 0.016509 0.056073 0.101942 0.085650 2.54548 0.960515 
290   -20669.2    348.3931235 23 37 0.114790 0.034308 0.061681 0.062502 0.119458 0.140190 0.026568 3.78199 0.956371 
295   -20702.9    -167.197705 121 58 0.067718 0.102680 0.107696 0.035905 0.052207 0.006406 0.058947 6.47067 0.954249 
300   -20812.9     207.897567 80 42 0.067713 0.105556 0.075989 0.051205 0.058232 0.106232 0.107287 4.74079 0.974727 
305   -20636.4   -357.0166862 50 89 0.049728 0.135091 0.076318 0.029137 0.107046 0.096194 0.122130 5.51421 0.943397 
310   -20918.6    96.79973084 118 122 0.117528 0.145416 0.055705 0.006388 0.108224 0.026994 0.092046 7.94558 0.968686 
315   -20587.6   -88.52400433 120 57 0.060127 0.110672 0.108725 0.110348 0.102376 0.086921 0.059067 8.97851 0.972809 
320     -20924   -193.6435867 127 72 0.076248 0.049522 0.040917 0.081028 0.054551 0.052597 0.098482 11.0903 0.935565 
325   -20844.3    77.21884295 121 103 0.030441 0.086847 0.081864 0.113399 0.097892 0.085213 0.092416 5.97337 0.979599 
330       -inf           -inf 77 23 0.083216 0.089329 0.064240 0.084328 0.064563 0.058132 0.127394 2.81825 0.960777 
335   -20821.9   -457.7765669 24 107 0.140647 0.071156 0.043157 0.078066 0.035891 0.080363 0.036804 4.79221 0.966267 
340   -20543.1   -54.37282324 60 97 0.020178 0.054524 0.053083 0.128143 0.081137 0.029520 0.113237 6.59864 0.946319 
345   -20519.3    864.4770404 9 50 0.084338 0.067293 0.050082 0.097605 0.017268 0.042624 0.068291 2.33939 0.970507 
350   -20732.7    149.1090693 96 96 0.057532 0.131292 0.028716 0.103577 0.028609 0.113817 0.121431 5.06336 0.942229 
355   -20253.4            inf 104 46 0.123723 0.039909 0.085130 0.040298 0.145427 0.055196 0.078872 6.29609 0.978016 
360   -20488.6    632.8940989 12 32 0.095569 0.064780 0.091147 0.072050 0.134176 0.105300 0.039722 4.0324 0.957683 
365   -20636.6     725.622524 29 56 0.136308 0.036443 0.052937 0.056468 0.042771 0.038511 0.084409 5.46211 0.959384 
370   -20451.9    62.22745473 68 84 0.064365 0.028504 0.121546 0.066442 0.043666 0.068026 0.091230 3.61099 0.975455 
375       -inf           -inf 87 19 0.048135 0.115306 0.160388 0.048466 0.042181 0.088874 0.098292 9.09824 0.94485 
380   -20827.4    384.0539985 21 32 0.102443 0.129056 0.035159 0.036416 0.075953 0.109772 0.049429 9.93495 0.952569 
385   -20363.9    704.9335827 98 25 0.047002 0.124834 0.082600 0.045398 0.101728 0.104617 0.068503 9.13231 0.931398 
390   -20878.1   -406.6458986 31 22 0.024472 0.016118 0.034023 0.036060 0.090285 0.129400 0.115985 8.11906 0.959614 
395       -inf           -inf 64 28 0.037192 0.073169 0.079330 0.051855 0.061890 0.043083 0.086638 3.19553 0.990275 
400   -21552.6   -614.4330387 104 66 0.118938 0.118272 0.074360 0.081834 0.076594 0.031491 0.073786 5.07868 0.944462 
405   -21049.8     -448.04042 9 79 0.150608 0.055517 0.099922 0.016698 0.079929 0.126565 0.079029 12.1126 0.950807 
410   -20325.5    595.3140068 72 65 0.069867 0.109374 0.088475 0.109053 0.098673 0.041248 0.122594 10.9828 0.948702 
415   -21152.7   -868.3530397 20 115 0.071153 0.056709 0.037045 0.093283 0.068833 0.043603 0.058156 5.79367 0.93806 
420   -20350.8    815.7879796 4 100 0.041115 0.071797 0.061989 0.087455 0.118582 0.122965 0.117189 17.503 0.921044 
425   -20358.8    346.1122368 12 72 0.057470 0.054783 0.061905 0.066924 0.032316 0.059845 0.117266 14.6598 0.960828 
430   -20723.7    203.5878651 23 38 0.148299 0.126020 0.034527 0.090065 0.107093 0.100800 0.076797 13.4143 0.937636 
435   -21271.3   -577.5716494 0 73 0.065354 0.110257 0.109322 0.063538 0.088943 0.102309 0.065077 13.9342 0.907376 
440   -21068.2   -253.6270981 110 90 0.025198 0.035338 0.037030 0.055137 0.080772 0.119035 0.084311 15.2577 0.907553 
445   -21019.8   -733.0961474 15 32 0.106692 0.100004 0.077395 0.012763 0.097508 0.102677 0.156424 19.4277 0.940193 
450   -20869.2    348.0875731 125 114 0.035473 0.049416 0.063322 0.117019 0.073454 0.157739 0.103301 16.9529 0.951597 
455   -20383.5     584.889622 51 32 0.065506 0.045368 0.036784 0.075446 0.121734 0.130143 0.104153 10.584 0.947451 
460   -20368.7            inf 49 81 0.035486 0.075440 0.082948 0.092381 0.054389 0.132054 0.150172 10.6258 0.908438 
465   -20198.5    1281.023218 118 37 0.070028 0.114040 0.047400 0.121478 0.090192 0.095663 0.087126 16.5535 0.988569 
470   -20733.7    23.32590381 33 106 0.096189 0.044805 0.048110 0.133437 0.063242 0.115095 0.111399 18.8279 0.977362 
475   -20975.1    10.30129066 35 22 0.085406 0.118001 0.032775 0.117028 0.111227 0.081826 0.105792 17.5029 0.929134 
480   -20995.7   -574.4267383 52 17 0.090166 0.055181 0.033478 0.103498 0.079883 0.076388 0.137009 14.9133 0.93343 
485   -20772.9    1017.903038 27 51 0.045792 0.042253 0.026483 0.076597 0.078827 0.060502 0.124501 22.774 0.944793 
490   -20981.5   -223.5249124 94 73 0.115074 0.051463 0.071491 0.100357 0.037048 0.067340 0.080820 12.3529 0.926055 
495   -20717.4            inf 11 60 0.063285 0.093591 0.057718 0.023738 0.091217 0.091372 0.119594 14.3306 0.929028 
500   -21180.7            inf 97 108 0.049900 0.046448 0.024825 0.061882 0.057331 0.114249 0.147221 19.47 0.948108 
505   -20663.5   -392.4965766 69 82 0.017167 0.085756 0.112851 0.129127 0.052877 0.091389 0.118608 12.7977 0.941731 
510   -20558.1    47.69889349 76 91 0.040770 0.084106 0.074707 0.056332 0.063840 0.114282 0.033235 7.76794 0.960332 
515   -20519.3    94.21498716 97 125 0.030656 0.055798 0.064378 0.097543 0.051575 0.062982 0.084832 10.7509 0.932588 
520   -21015.7   -273.3642313 96 48 0.003013 0.019576 0.117764 0.123769 0.085455 0.055368 0.043873 11.5888 0.894609 
525     -20801   -188.8618843 35 93 0.156575 0.047131 0.075837 0.082445 0.051035 0.053097 0.120964 15.5517 0.920027 
530   -20584.7   -350.5581171 36 15 0.074381 0.095115 0.030705 0.130204 0.055887 0.063944 0.142526 17.8676 0.958413 
535   -20770.9    84.42943645 121 76 0.086752 0.097160 0.035496 0.117823 0.088274 0.069398 0.180306 15.5768 0.921794 
540   -20672.2    59.39024077 7 122 0.076022 0.065405 0.046311 0.063541 0.090128 0.025561 0.185563 15.0837 0.98419 
545   -20348.4    418.5966532 69 40 0.095575 0.075496 0.120791 0.108822 0.061276 0.047381 0.132408 18.929 0.976129 
550     -21356    -379.941465 53 45 0.116414 0.065943 0.099161 0.046863 0.067052 0.025393 0.108167 11.5699 0.950242 
555   -20690.3    80.81417085 41 68 0.049799 0.114830 0.026877 0.118888 0.020702 0.096201 0.121095 13.553 0.953226 
560   -20734.8   -214.8211314 82 34 0.111283 0.050239 0.035006 0.034957 0.072199 0.064274 0.088819 9.87588 0.972794 
565       -inf           -inf 83 24 0.068157 0.082361 0.068509 0.053202 0.045094 0.102024 0.071062 10.7523 0.953002 
570   -20931.3   -553.4859222 92 67 0.092848 0.058628 0.014432 0.123530 0.039562 0.068481 0.122314 26.3802 0.967782 
575   -21286.8   -791.6880857 45 58 0.027222 0.033603 0.166377 0.080840 0.114082 0.062881 0.058912 21.128 0.913919 
580   -21181.1   -432.4211316 94 64 0.098372 0.094450 0.023446 0.098673 0.043939 0.093068 0.039869 8.51987 0.900045 
585   -20475.2     48.1204541 36 125 0.093814 0.052285 0.073542 0.013151 0.043200 0.031359 0.013039 11.3689 0.957614 
590       -inf           -inf 119 33 0.113226 0.011740 0.055737 0.073999 0.050396 0.102834 0.174904 15.5527 0.979863 
595   -21063.3   -404.7888579 107 30 0.057000 0.042840 0.071778 0.093113 0.058000 0.075273 0.125805 5.4961 0.947037 
600   -20928.8   -362.6150674 122 107 0.049004 0.081565 0.183368 0.031926 0.066866 0.089787 0.071664 5.73559 0.927453 
605     -20833   -93.41146009 19 50 0.061252 0.063939 0.081784 0.019292 0.112003 0.053962 0.094936 10.4527 0.997783 
610     -20843   -87.69840124 117 67 0.067476 0.124474 0.060838 0.084389 0.097341 0.010315 0.057839 3.90013 0.933937 
615   -21186.8   -761.0363685 65 122 0.074116 0.130669 0.120504 0.074419 0.114296 0.113112 0.123844 19.2578 0.929348 
620   -20357.1     36.6113106 63 36 0.092333 0.035429 0.074999 0.050089 0.113243 0.116374 0.069954 7.23752 0.923408 
625   -21274.5   -903.3654074 118 122 0.059807 0.056265 0.034966 0.090462 0.110541 0.060473 0.094979 8.14329 0.976977 
630   -20312.9    1143.629349 43 86 0.039812 0.030153 0.102319 0.089218 0.109050 0.066081 0.103459 5.29888 0.975028 
635   -20291.4     648.389842 124 70 0.015364 0.062065 0.055567 0.019274 0.020530 0.090076 0.107968 6.55265 0.942858 
640   -20433.4   -54.20046051 120 92 0.106577 0.078571 0.033738 0.082475 0.088581 0.058891 0.130276 11.2939 0.991036 
645   -20718.5    240.2860636 96 21 0.091169 0.078169 0.100297 0.059415 0.048693 0.111171 0.157268 9.07482 0.916317 
650   -21219.6     162.186398 52 77 0.077756 0.077129 0.133040 0.074364 0.081807 0.056289 0.097669 4.41919 0.944456 
655     -20719    380.7992679 114 39 0.039505 0.075813 0.054778 0.098015 0.119452 0.071819 0.082277 13.2836 0.934327 
660   -20276.8   -107.6180042 29 31 0.082390 0.075886 0.123187 0.110588 0.089303 0.070198 0.093012 24.7132 0.988921 
665   -20984.9   -184.5774433 57 38 0.141690 0.097879 0.082756 0.013572 0.100315 0.076401 0.140695 7.94737 0.952141 
670   -20768.4   -148.3254798 97 124 0.070451 0.016075 0.051565 0.138732 0.040379 0.142063 0.053345 10.4845 0.927487 
675   -21243.9   -562.9398355 124 18 0.025265 0.147671 0.062373 0.054049 0.106113 0.095144 0.083476 5.29467 0.915729 
680     -20529    111.4223843 35 7 0.100490 0.116249 0.120396 0.031207 0.063550 0.008621 0.060099 9.03823 0.992356 
685   -20584.6   -45.31579795 84 45 0.077312 0.082320 0.061183 0.065043 0.053794 0.033708 0.137779 3.56234 0.95373 
690   -20270.7    412.5093295 67 33 0.082553 0.048962 0.077783 0.076872 0.053410 0.033083 0.062684 5.61202 0.942959 
695   -20519.5    707.3022822 70 58 0.032960 0.045782 0.062047 0.104791 0.067374 0.081818 0.031861 8.09166 0.964929 
700   -20383.5    320.2294694 3 60 0.115725 0.076812 0.102982 0.079935 0.058468 0.119600 0.122230 3.28294 0.922716 
705   -20694.5    367.1398454 91 93 0.090742 0.116231 0.096467 0.049502 0.117144 0.042376 0.067574 4.38535 0.940059 
710   -20677.6    319.3814139 9 108 0.049780 0.035519 0.045520 0.084214 0.057532 0.115055 0.094074 2.10489 0.93164 
715   -20976.9    -361.972011 61 45 0.062735 0.133396 0.035921 0.040897 0.087357 0.119736 0.095007 4.46072 0.973344 
720   -20500.6    535.7167676 88 30 0.112804 0.029938 0.098986 0.145097 0.047676 0.070479 0.066432 2.62676 0.976829 
725   -20788.9    122.7654178 90 24 0.025015 0.046005 0.101850 0.118953 0.031959 0.096054 0.032730 3.64862 0.951811 
730     -20949   -438.6512819 33 121 0.054364 0.045278 0.069047 0.103538 0.071147 0.080329 0.111549 1.27681 0.983908 
735   -20532.9    277.4182792 112 104 0.099791 0.065585 0.108835 0.065610 0.028595 0.091646 0.134204 0.0470275 0.972367 
740   -20753.2   -423.7943325 43 35 0.135355 0.120921 0.109952 0.089897 0.032009 0.033160 0.068492 0.89966 0.975064 
745   -20785.1    9.099338809 37 39 0.066941 0.059183 0.092838 0.096158 0.099892 0.111079 0.128895 1.30291 0.94242 
750   -20446.5    364.9752894 73 50 0.082134 0.137444 0.049087 0.048621 0.039409 0.122627 0.149042 0.0158299 0.921305 
755   -21091.3   -502.0281731 11 24 0.071271 0.036106 0.111580 0.068908 0.042339 0.062988 0.067056 0.42956 0.948189 
760   -21304.7    -620.619149 92 65 0.062803 0.016992 0.082699 0.080745 0.038772 0.063893 0.060172 0.717018 0.909362 
765   -21104.8   -384.1246503 10 44 0.060353 0.079484 0.092712 0.107040 0.046810 0.105097 0.043336 3.71832 0.94328 
770   -21536.9   -1163.973075 24 86 0.111978 0.054359 0.092339 0.039644 0.044787 0.075055 0.039965 0.806422 0.958811 
775       -inf           -inf 39 91 0.060867 0.082631 0.084977 0.029425 0.108797 0.080783 0.186604 1.08881 0.945838 
780   -20738.1   -266.2741693 33 123 0.050569 0.060207 0.041717 0.065244 0.128130 0.090492 0.040084 2.06717 0.959391 
785   -20874.6   -117.4734433 79 2 0.098813 0.079400 0.076315 0.074043 0.047358 0.087527 0.022824 7.23446 0.950023 
790   -20636.2    897.7380074 84 109 0.077674 0.059972 0.127368 0.063398 0.120743 0.079232 0.031330 11.3383 0.892154 
795   -20827.5    781.9731521 86 16 0.103668 0.048647 0.103734 0.156939 0.082654 0.095532 0.017181 5.43802 0.960822 
800   -21111.4   -268.6087746 94 72 0.055729 0.048872 0.035309 0.095660 0.049462 0.133969 0.071651 4.91203 0.955192 
805   -20905.4    21.54280565 125 1 0.114911 0.069833 0.041098 0.049040 0.099387 0.116262 0.087873 10.1406 0.94071 
810   -21030.3   -493.7126441 86 92 0.051395 0.131836 0.131243 0.089168 0.015943 0.121710 0.079467 7.96191 0.960443 
815   -20781.3   -117.1909886 80 27 0.083110 0.110788 0.045360 0.051372 0.091055 0.045203 0.034577 6.40246 0.952752 
820   -20665.6    709.8293351 71 30 0.084236 0.055687 0.100174 0.006533 0.066092 0.130521 0.035531 6.49023 0.936159 
825   -20299.1    479.2121948 70 13 0.020516 0.114013 0.012630 0.017447 0.020173 0.068964 0.086235 8.64938 0.993956 
830   -20911.2            inf 54 94 0.096406 0.087493 0.053418 0.082883 0.079111 0.073533 0.072522 1.50555 0.935934 
835   -20508.5    273.7287247 85 121 0.129396 0.123614 0.055112 0.123182 0.044510 0.055606 0.090990 6.30988 0.953135 
840       -inf           -inf 76 53 0.140280 0.103901 0.085285 0.136503 0.137333 0.050507 0.040097 4.82841 0.920396 
845   -21033.9    -364.465751 32 66 0.088312 0.141789 0.037581 0.057707 0.060480 0.117255 0.048510 6.0647 1.00039 
850   -20695.1    124.2779415 47 70 0.161993 0.012993 0.095133 0.087640 0.113543 0.069793 0.086944 6.51789 0.975667 
855   -20515.3    761.2606412 32 35 0.107774 0.077301 0.086188 0.093232 0.128943 0.031543 0.112578 7.75417 0.916097 
860   -21874.7   -1478.868822 96 39 0.082022 0.125084 0.100334 0.095022 0.083371 0.106990 0.088736 8.04773 0.88539 
865     -20955   -269.1558765 4 117 0.095729 0.060329 0.082254 0.133695 0.051782 0.069991 0.091784 9.40347 1.01124 
870     -20598    571.7375423 83 40 0.063506 0.055400 0.096873 0.041770 0.058330 0.061030 0.038478 1.89785 0.932765 
875   -20615.9   -229.1633747 56 108 0.070620 0.144999 0.049486 0.033057 0.107372 0.042595 0.073468 7.36455 0.938909 
880   -20587.5   -58.24182189 3 88 0.102555 0.043467 0.038150 0.126493 0.077635 0.107407 0.050341 1.47553 0.95508 
885   -20860.5    211.8640776 77 18 0.067579 0.121520 0.126821 0.064604 0.080744 0.004631 0.082675 2.02954 0.935935 
890     -20360    375.2543107 56 40 0.042550 0.079527 0.102989 0.031562 0.070333 0.089412 0.068870 1.36658 0.996139 
895   -21012.5    202.6417687 101 115 0.085181 0.090947 0.030974 0.053758 0.107236 0.019696 0.015575 1.54533 0.900512 
900   -20548.5    189.8618512 77 66 0.057427 0.096268 0.075444 0.061309 0.077065 0.109249 0.024661 0.565921 0.916833 