#
# Code will run in posterior sampling mode.
#
# A scale parameter will be fit to the bkg model.
#
# The total number of Gibbs draws is 900, every 5th draws will be saved.
#
# The model will be fit using the Multi Scale Prior.
#
# The data matrix is 128 by 128.
#
# The data file should contain a  2^7 by 2^7 matrix of counts.
#
# Starting Values for the smoothing parameter (alpha):
# Aggregation Level:  0,   alpha: 0.3 (Full Data)
# Aggregation Level:  1,   alpha: 0.4
# Aggregation Level:  2,   alpha: 0.5
# Aggregation Level:  3,   alpha: 0.6
# Aggregation Level:  4,   alpha: 0.7
# Aggregation Level:  5,   alpha: 0.8
# Aggregation Level:  6,   alpha: 0.9  (In the 2x2 table)
#
# The prior distribution on the total count from the multiscale component is
# Gamma(1.000000, 0.050000).
#
# The hyper-prior smoothing parameter (kappa 2) is 1000.
#
iteration logPost stepSize cycleSpinRow cycleSpinCol smoothingParam0 smoothingParam1 smoothingParam2 smoothingParam3 smoothingParam4 smoothingParam5 smoothingParam6 expectedMSCounts bkgScale 
5   -22717.6   -666.4206645 109 68 0.201378 0.291774 0.367488 0.314473 0.240072 0.166745 0.083740 903.317 0.199462 
10   -22305.9    446.2478557 112 101 0.191903 0.230669 0.274090 0.292093 0.185428 0.146961 0.103049 570.377 0.500809 
15   -21467.1    -84.6898165 97 87 0.089186 0.134867 0.238448 0.285260 0.233532 0.151914 0.087737 342.077 0.712176 
20   -21517.8   -135.2417322 28 123 0.093008 0.127336 0.213932 0.230083 0.196315 0.112997 0.047685 199.938 0.842208 
25   -21679.8   -363.8285685 51 67 0.103014 0.115735 0.144930 0.167786 0.215977 0.175237 0.085080 138.423 0.880752 
30     -21040   -91.91545924 85 47 0.122909 0.080776 0.121329 0.134723 0.200575 0.192300 0.079695 84.8805 0.94138 
35   -21370.1   -448.4379423 112 1 0.075154 0.149502 0.146983 0.134141 0.140221 0.154372 0.101963 46.9323 0.977466 
40   -20850.9    200.9425911 54 5 0.065194 0.117997 0.081396 0.111478 0.127420 0.124955 0.133909 30.6321 0.947739 
45   -20643.1    533.7056785 90 99 0.053624 0.043695 0.073706 0.076204 0.119767 0.106128 0.150317 36.7183 1.01563 
50       -inf            nan 68 110 0.056201 0.047769 0.137057 0.055486 0.100366 0.176340 0.146110 31.9378 0.956544 
55   -21433.7            inf 4 5 0.079993 0.027709 0.061683 0.060627 0.124815 0.048645 0.074271 24.3721 1.04043 
60   -20957.4    153.1893266 43 65 0.021910 0.025964 0.035737 0.045443 0.083952 0.085068 0.108406 23.2362 0.985216 
65   -20583.7   -86.69458344 62 54 0.063025 0.086048 0.037655 0.088796 0.129788 0.113484 0.143839 17.6401 1.00356 
70   -20588.9   -167.8213308 76 10 0.005614 0.033937 0.025855 0.058297 0.079936 0.051709 0.123317 14.1732 1.03635 
75   -21039.7     290.714443 113 12 0.095618 0.132868 0.064047 0.110923 0.051874 0.096845 0.093207 20.2228 1.02204 
80   -20866.8   -185.4702113 85 118 0.094740 0.020345 0.098847 0.069539 0.132400 0.048769 0.123688 13.5265 1.01195 
85     -21317   -4.448632784 103 54 0.048431 0.082752 0.148552 0.071793 0.097272 0.079797 0.076531 8.81211 1.02178 
90   -20589.4    445.3114322 124 109 0.079983 0.073921 0.072956 0.039618 0.060046 0.103584 0.106645 3.02143 1.0197 
95   -20766.1     316.125343 42 53 0.049408 0.128821 0.023239 0.061095 0.047936 0.044344 0.035654 3.85871 1.05212 
100     -21194   -286.4226049 3 37 0.041897 0.076778 0.026897 0.093117 0.047537 0.055080 0.149086 3.224 1.01751 
105   -21162.5   -516.2334786 68 106 0.078661 0.103347 0.137375 0.065918 0.094312 0.128419 0.060394 8.15395 1.00509 
110   -20882.6   -169.3977858 12 44 0.100213 0.058843 0.039815 0.088713 0.094513 0.111686 0.024065 1.9898 1.02432 
115   -20825.8    103.5207276 31 89 0.070324 0.092438 0.091386 0.046132 0.074939 0.078076 0.086917 4.12434 0.967056 
120   -20820.3    163.6885806 41 27 0.129570 0.037980 0.020658 0.071247 0.084917 0.088280 0.119258 1.10561 1.05244 
125   -20886.8    -8.08404644 49 70 0.019741 0.151070 0.118353 0.071468 0.024043 0.019357 0.094813 5.23019 1.02974 
130   -21008.8   -384.8407698 26 126 0.093109 0.024327 0.059019 0.072425 0.086940 0.047029 0.119399 6.06031 0.973329 
135   -20592.3    153.2507555 89 30 0.068383 0.066282 0.047663 0.087174 0.118688 0.107470 0.104461 3.35619 1.00073 
140   -20849.8   -88.46624083 87 107 0.035929 0.095286 0.106336 0.015572 0.039593 0.091338 0.072112 11.3646 1.01438 
145   -21153.1    113.7759729 44 95 0.071129 0.053351 0.020157 0.078378 0.095392 0.133782 0.047675 9.30851 1.0289 
150   -21384.1            inf 103 107 0.119669 0.055475 0.077070 0.031809 0.013616 0.039679 0.039194 3.93646 1.02306 
155   -20759.2    313.5139825 92 54 0.024066 0.024621 0.104149 0.092900 0.056992 0.105684 0.078526 5.56579 0.991948 
160   -20812.6    690.1507394 22 120 0.067492 0.065102 0.016051 0.066151 0.060754 0.095726 0.114437 13.2433 0.984489 
165   -20997.9    426.4384055 25 28 0.088088 0.090293 0.094107 0.077250 0.023288 0.098636 0.098045 9.63125 1.0269 
170   -20844.6   -157.5768196 88 63 0.066332 0.140193 0.054407 0.094257 0.102457 0.068552 0.147484 4.85203 1.0315 
175   -20872.3    663.9042444 86 61 0.080069 0.084508 0.104818 0.080700 0.135061 0.080913 0.063112 9.69935 1.0561 
180   -21054.7   -384.9149712 81 96 0.078000 0.092020 0.054331 0.104102 0.041210 0.074995 0.094892 4.81015 1.00148 
185   -20887.4     191.526514 119 29 0.040624 0.129856 0.056096 0.025961 0.096932 0.115554 0.083113 6.88866 1.02164 
190   -21045.5            inf 109 114 0.092437 0.073091 0.104284 0.058947 0.038525 0.088110 0.092123 4.00092 0.981211 
195   -21378.8   -574.7687176 96 48 0.090255 0.157867 0.133429 0.089563 0.141330 0.093896 0.093219 13.1453 1.01692 
200   -21090.1   -730.9506079 112 6 0.098298 0.065454 0.040297 0.111494 0.017988 0.023202 0.163594 10.1282 0.996509 
205   -21707.2   -643.3542101 15 95 0.078866 0.104281 0.084488 0.034657 0.036922 0.093680 0.027561 7.52903 0.982246 
210   -20584.1    350.2354373 26 104 0.090384 0.116230 0.099275 0.039396 0.070919 0.088754 0.129014 12.7287 1.0334 
215   -20959.5       948.8602 14 17 0.048643 0.128081 0.024709 0.110235 0.169773 0.089094 0.115049 5.03043 0.97786 
220   -21538.6   -3.534557419 6 10 0.085814 0.099244 0.091514 0.114687 0.050949 0.135471 0.098376 2.48676 1.02794 
225   -20871.9            inf 52 7 0.092887 0.034725 0.021422 0.109994 0.044594 0.121877 0.068795 5.48213 1.03306 
230   -21223.5   -72.61846221 101 80 0.134938 0.068036 0.093440 0.044253 0.073618 0.120653 0.064445 5.77034 1.00274 
235     -21306   -549.7375925 11 125 0.050034 0.114029 0.104564 0.110910 0.020783 0.105114 0.116264 3.36381 1.02258 
240   -20924.9    256.1016933 14 29 0.105587 0.129147 0.052155 0.105345 0.126268 0.041536 0.100458 4.11729 1.00818 
245   -20604.3    709.7304882 44 21 0.073104 0.076444 0.065171 0.051020 0.077234 0.096831 0.049635 4.51941 1.025 
250       -inf           -inf 2 27 0.038634 0.077321 0.035794 0.078120 0.064200 0.088623 0.106753 4.60166 1.02154 
255   -21313.1   -605.1216312 77 106 0.155821 0.059518 0.112264 0.116685 0.093129 0.071513 0.075759 5.47004 0.990891 
260   -20907.4    259.3349896 77 49 0.063747 0.098194 0.142143 0.089991 0.076554 0.087776 0.008237 3.21786 0.99421 
265   -20924.4    69.75672749 74 5 0.111825 0.102126 0.090317 0.093996 0.099952 0.022335 0.074196 3.40828 0.997687 
270   -21280.3   -749.9245578 44 50 0.079957 0.054168 0.040304 0.032648 0.075943 0.031347 0.055703 6.1027 1.02217 
275   -21870.2   -409.0387532 15 27 0.011981 0.078406 0.127118 0.064509 0.064457 0.078496 0.083390 3.26181 0.966294 
280   -21191.2    482.6311449 65 9 0.008077 0.045994 0.102758 0.075121 0.087402 0.052354 0.017077 7.10871 0.987338 
285   -21346.9    268.7664563 20 73 0.045310 0.052685 0.093439 0.076003 0.103304 0.137644 0.043485 10.9223 0.997688 
290   -20669.6    410.3293878 83 110 0.041317 0.067317 0.037939 0.069738 0.023200 0.029302 0.136855 7.05419 1.0177 
295     -20913   -164.2235346 56 20 0.057005 0.062119 0.075434 0.119335 0.097684 0.117149 0.156652 10.0914 1.01794 
300   -20899.1    104.9286951 95 72 0.067553 0.040520 0.021823 0.059845 0.028440 0.102008 0.097379 5.65652 1.0385 
305   -21186.4   -280.2691525 16 81 0.099635 0.105979 0.069980 0.069095 0.077206 0.037856 0.127803 7.38196 1.01279 
310   -20545.5    253.5044774 103 13 0.096258 0.171267 0.096840 0.007262 0.075708 0.105542 0.074305 2.69881 1.016 
315   -20454.1    835.6759011 105 114 0.041701 0.067378 0.071481 0.035800 0.108563 0.104344 0.114822 4.25944 0.98918 
320   -21448.2   -492.1787488 8 33 0.073719 0.035829 0.096481 0.028346 0.095423 0.098743 0.028756 3.22588 0.957596 
325   -21190.1   -596.6564137 105 23 0.121275 0.046979 0.050484 0.153291 0.040522 0.123859 0.029717 3.34921 1.01749 
330   -20950.4     88.9092062 98 92 0.057581 0.059910 0.020540 0.052893 0.103193 0.055626 0.057872 3.22093 1.06712 
335   -20925.5   -45.51789092 95 1 0.039405 0.052224 0.098319 0.114277 0.037502 0.111425 0.084344 5.76378 0.978751 
340     -21107    283.1335361 92 43 0.014946 0.064880 0.066568 0.028735 0.055320 0.104912 0.055310 5.81228 1.01066 
345       -inf            nan 96 114 0.052930 0.010416 0.114227 0.085964 0.028716 0.088147 0.099476 4.93279 0.99739 
350   -20870.6   -31.07527777 127 11 0.027872 0.080901 0.062551 0.057061 0.059052 0.113427 0.072615 2.84442 1.00572 
355   -20447.2    794.5700897 125 63 0.028414 0.091419 0.106724 0.061122 0.028944 0.073081 0.046297 4.96713 0.992802 
360   -20622.6    75.31368769 14 122 0.046509 0.033763 0.069495 0.145224 0.055968 0.060480 0.019408 5.27714 1.01254 
365       -inf           -inf 52 29 0.073784 0.036108 0.073927 0.069485 0.077261 0.115687 0.043786 5.88606 0.989222 
370   -20707.9    511.8481943 50 121 0.004108 0.049775 0.091953 0.073953 0.042998 0.117386 0.114017 9.22273 0.975326 
375   -21143.4   -296.2879659 97 103 0.058992 0.093855 0.079125 0.085548 0.120513 0.035279 0.123218 2.67158 1.00947 
380   -21008.1    152.6410377 13 19 0.110349 0.143645 0.063523 0.067064 0.072669 0.102136 0.136997 4.52226 1.02945 
385   -20727.6    995.0595296 38 84 0.121880 0.145493 0.068745 0.058395 0.143956 0.097349 0.114973 10.2174 1.03993 
390       -inf           -inf 25 61 0.064387 0.046958 0.039657 0.062726 0.145490 0.079676 0.071378 7.51199 1.03443 
395   -20734.8    418.6066489 57 2 0.092527 0.084238 0.128178 0.053097 0.092167 0.044508 0.042714 5.49876 1.00382 
400   -20781.3    91.65407213 98 36 0.026066 0.047048 0.101731 0.098501 0.105725 0.079904 0.048169 5.77961 1.02017 
405       -inf           -inf 26 69 0.111253 0.070029 0.036625 0.108723 0.067495 0.099735 0.082801 15.4741 1.0391 
410   -20835.4   -157.7370262 9 111 0.113305 0.080618 0.099021 0.044606 0.066954 0.088753 0.078862 5.61236 1.02342 
415   -21170.7   -228.3146065 63 107 0.084053 0.124007 0.015853 0.091323 0.124823 0.055964 0.069316 13.6172 0.996716 
420   -20978.6   -62.20916989 103 20 0.075847 0.129769 0.033089 0.074795 0.155868 0.124952 0.099282 10.2469 0.95918 
425   -20882.4   -64.68481793 96 19 0.025688 0.052736 0.032976 0.105958 0.037035 0.046865 0.049604 6.48145 1.03563 
430   -21074.3   -177.0375673 117 46 0.046388 0.008171 0.054550 0.080335 0.109620 0.123489 0.115906 6.94273 1.01411 
435   -20895.2    35.19485351 125 126 0.070757 0.027484 0.084146 0.052037 0.093554 0.089622 0.109228 7.72097 1.00569 
440   -20958.6   -112.0056995 52 61 0.058694 0.102637 0.050923 0.102680 0.101340 0.075922 0.081538 11.9703 0.936283 
445   -20839.5     379.898993 25 127 0.118479 0.058469 0.083195 0.161476 0.075030 0.094686 0.139237 15.3577 1.04739 
450   -21226.1   -30.52920183 124 32 0.069177 0.063502 0.023540 0.065955 0.058461 0.092208 0.101847 5.84689 0.996623 
455     -20872    345.2392509 122 17 0.075054 0.037096 0.061804 0.101385 0.082001 0.139483 0.031946 6.17659 0.965791 
460   -21203.9    169.7415952 56 22 0.018010 0.038739 0.080109 0.062546 0.084053 0.091657 0.065846 2.95261 1.00596 
465   -21365.9   -622.1824313 2 59 0.006455 0.057125 0.070280 0.082656 0.070298 0.129267 0.126696 11.4563 1.00913 
470   -21051.9            inf 127 115 0.013852 0.111704 0.033189 0.089302 0.112070 0.041270 0.035400 5.53998 0.986188 
475   -22118.2   -1215.604776 56 58 0.094214 0.093858 0.027777 0.047812 0.116902 0.087043 0.115529 4.76598 0.957796 
480     -20618      201.22055 51 44 0.149612 0.061389 0.150112 0.041572 0.157055 0.064870 0.065154 5.99844 0.985647 
485   -20786.8    205.8482452 83 96 0.029887 0.065768 0.027030 0.084706 0.030116 0.063855 0.104478 1.75262 1.0434 
490   -21288.1            inf 25 76 0.064083 0.027821 0.085749 0.055708 0.060439 0.134112 0.090433 2.89609 1.00641 
495       -inf           -inf 90 55 0.127656 0.085252 0.079990 0.031636 0.084813 0.023396 0.010531 0.788499 0.992934 
500   -20815.4   -384.4067191 50 55 0.053857 0.109563 0.072363 0.028700 0.092299 0.064693 0.074981 1.59001 1.0548 
505   -20854.4       21.73812 92 110 0.063207 0.112514 0.093309 0.075498 0.080806 0.076852 0.098562 2.34542 1.03285 
510       -inf           -inf 59 92 0.055255 0.035558 0.160768 0.032880 0.040188 0.100408 0.070976 2.29977 0.979367 
515   -20789.7    684.4239762 64 40 0.121100 0.102897 0.082299 0.085661 0.122518 0.045306 0.052348 1.11015 1.03131 
520   -20763.6    111.6736612 27 67 0.106193 0.162704 0.061306 0.034584 0.073418 0.077351 0.098067 0.0757965 1.01211 
525   -20449.3    791.6368907 117 121 0.117121 0.060577 0.026305 0.069896 0.084669 0.115502 0.114705 2.17285 1.03414 
530   -21182.2   -583.3986148 35 103 0.047191 0.009371 0.052527 0.044188 0.040531 0.103238 0.111436 2.30354 0.966562 
535   -20818.7    438.3429275 51 60 0.093330 0.136513 0.107822 0.049595 0.078081 0.080084 0.039155 6.17991 0.984381 
540   -20752.8    951.1587901 3 63 0.082749 0.050923 0.027291 0.093561 0.047610 0.048459 0.055567 6.32549 1.00004 
545   -21236.2   -496.1255405 40 22 0.052708 0.031178 0.075365 0.091766 0.082288 0.075804 0.082480 1.42878 1.03211 
550   -20721.2    626.3033207 48 57 0.101542 0.096961 0.056981 0.029504 0.070725 0.058974 0.067250 5.47625 0.99737 
555   -20918.8   -147.2575417 104 56 0.088782 0.063192 0.088968 0.087185 0.027332 0.086145 0.073274 6.36621 1.00229 
560     -21392   -757.4630246 53 78 0.069076 0.070184 0.069246 0.063294 0.097929 0.051227 0.071495 8.2178 0.965593 
565   -20945.2    96.31507335 36 110 0.032524 0.073046 0.049979 0.072073 0.028657 0.106100 0.114834 12.9295 0.987071 
570     -20415    1004.714089 36 69 0.046015 0.040657 0.178738 0.013514 0.036918 0.113422 0.079019 10.4919 1.06182 
575   -21064.1    143.6564473 45 42 0.088793 0.051538 0.132662 0.082150 0.085248 0.113822 0.070424 4.586 0.993119 
580   -21091.9   -377.3408454 88 91 0.016033 0.021891 0.071857 0.022406 0.083177 0.111731 0.102241 3.09937 0.989235 
585   -21072.6    139.8735009 24 55 0.030133 0.123530 0.063075 0.043424 0.126594 0.046562 0.066666 6.13923 1.00168 
590   -21046.1   -119.9564667 84 64 0.094289 0.043027 0.096758 0.055927 0.023670 0.052691 0.069429 6.10556 0.989694 
595   -20890.9    270.3322782 28 115 0.139797 0.096539 0.034211 0.011034 0.115579 0.160854 0.051143 4.34853 1.04254 
600   -20762.7    321.8128585 93 115 0.075108 0.058704 0.075140 0.048697 0.093035 0.071185 0.041108 1.59688 0.993126 
605   -21322.5   -318.0334116 122 108 0.057718 0.062994 0.023809 0.040406 0.001543 0.103497 0.024473 1.00798 1.02284 
610   -21217.6    123.3967839 101 45 0.036340 0.129013 0.037699 0.082689 0.022009 0.139640 0.116898 3.20601 0.996003 
615     -20696    135.5508532 76 14 0.045070 0.037988 0.095574 0.121414 0.037069 0.052002 0.073099 6.37962 0.997728 
620       -inf            nan 84 78 0.089400 0.028377 0.039212 0.082861 0.115023 0.045614 0.074990 3.24865 0.973845 
625   -21699.3   -1101.310777 28 91 0.057518 0.071644 0.127389 0.067972 0.166678 0.073327 0.032111 3.7748 1.02436 
630       -inf           -inf 43 0 0.047838 0.022198 0.100968 0.083149 0.076658 0.064595 0.074318 0.620443 1.02198 
635       -inf           -inf 76 11 0.081794 0.128982 0.089575 0.078158 0.077680 0.080291 0.076018 1.2244 1.02289 
640   -20835.1   -115.0389034 53 5 0.141476 0.093800 0.090264 0.109414 0.058307 0.094809 0.034958 2.18204 1.04321 
645   -21160.1    1335.697355 11 77 0.015842 0.128533 0.174016 0.068479 0.081012 0.098239 0.014343 2.9225 0.990075 
650   -21390.6   -43.24973733 4 35 0.104042 0.021716 0.061362 0.040851 0.093290 0.057738 0.073415 2.7637 1.06158 
655   -20725.4     117.307604 49 122 0.096328 0.089631 0.077611 0.074294 0.036845 0.075729 0.078285 0.439513 1.0485 
660     -20794    421.5246777 19 117 0.068401 0.121972 0.062253 0.068927 0.073394 0.040717 0.057596 3.44024 1.00033 
665   -20913.6    302.9179428 73 125 0.016642 0.089863 0.064594 0.064671 0.123809 0.071508 0.065219 6.38365 0.997391 
670   -21328.1    -629.509632 60 111 0.065503 0.079606 0.032378 0.078198 0.125880 0.137543 0.114592 6.59349 1.00541 
675   -20748.4    35.06755079 79 112 0.053573 0.030571 0.067136 0.103442 0.096473 0.068324 0.063679 2.69875 1.02463 
680   -20935.1   -268.0860716 82 100 0.097934 0.062524 0.135751 0.115886 0.076706 0.082469 0.091001 1.37553 0.992801 
685   -21039.4   -30.96691949 100 26 0.093675 0.139659 0.059338 0.094444 0.039648 0.067683 0.123521 1.12421 0.977983 
690     -20786    112.6572907 122 21 0.053321 0.056630 0.090295 0.051806 0.078380 0.096137 0.076696 2.01462 1.02232 
695   -20671.7    1083.115547 59 32 0.076184 0.097205 0.021837 0.165059 0.058202 0.108449 0.108173 0.947803 1.03323 
700   -21147.9    153.6420136 68 124 0.016302 0.053622 0.081932 0.028298 0.099965 0.075419 0.057347 2.6649 0.981095 
705   -21582.6     -1033.4035 59 48 0.023790 0.064920 0.115577 0.059695 0.098208 0.098146 0.032636 1.29655 1.01081 
710   -21673.4   -139.0208024 29 116 0.046894 0.111923 0.051669 0.067756 0.104953 0.065566 0.024772 3.43027 1.09056 
715   -21542.9            inf 34 108 0.008458 0.137122 0.093315 0.027246 0.088724 0.095774 0.084383 0.656951 1.01979 
720     -21271    167.3210627 66 118 0.070814 0.035940 0.119575 0.027588 0.020404 0.060110 0.013531 0.905734 1.00905 
725   -21026.1   -40.25331248 57 116 0.016056 0.140898 0.092401 0.113188 0.120187 0.092874 0.081393 1.44784 0.996292 
730   -21141.2    1174.830343 116 98 0.052997 0.084081 0.082660 0.164504 0.015965 0.071244 0.081405 0.915074 1.02105 
735   -20975.6            inf 5 54 0.075517 0.015564 0.101869 0.019226 0.037500 0.023412 0.013693 0.630992 1.07211 
740   -20547.9    322.5354223 86 54 0.087168 0.063346 0.045171 0.104990 0.111721 0.134046 0.045736 0.163131 0.969714 
745   -21114.1    285.3996028 126 118 0.079314 0.018320 0.104782 0.115825 0.063510 0.057560 0.049871 1.77756 1.01267 
750   -20693.4    1421.307992 0 125 0.073204 0.191207 0.052440 0.046673 0.033386 0.058941 0.106355 2.31619 1.0745 
755   -21111.1   -27.18528188 52 36 0.078079 0.074970 0.100306 0.034780 0.073926 0.048815 0.042298 1.8895 0.980256 
760       -inf           -inf 39 48 0.170577 0.121131 0.054743 0.059476 0.073097 0.110042 0.110711 0.580589 1.0307 
765   -20800.2    64.31698307 43 66 0.078364 0.091557 0.026555 0.055422 0.053533 0.104185 0.078338 1.21429 1.0068 
770       -inf           -inf 59 9 0.085155 0.067028 0.094221 0.114984 0.120957 0.091338 0.063193 2.05939 1.01535 
775   -20562.9    1018.991133 115 69 0.089497 0.021071 0.131065 0.066187 0.131177 0.081283 0.051733 0.955493 0.990279 
780       -inf           -inf 55 18 0.043647 0.087649 0.018173 0.130730 0.139003 0.096076 0.075050 3.06841 0.985111 
785   -20946.6    365.1952226 5 22 0.066056 0.094810 0.088576 0.117529 0.098219 0.049251 0.091776 1.41518 1.02026 
790       -inf           -inf 27 56 0.080050 0.103923 0.086764 0.027097 0.079730 0.049352 0.063935 0.423158 1.05165 
795   -20751.7   -85.72535876 45 29 0.070585 0.101359 0.159850 0.066259 0.047820 0.034407 0.047685 0.552491 1.00322 
800   -20981.9   -42.38966677 57 37 0.067019 0.089114 0.103770 0.064090 0.082243 0.118385 0.096827 3.26535 1.03376 
805   -20771.6    125.2558621 95 85 0.034377 0.060432 0.046348 0.096587 0.052164 0.083760 0.026848 2.79309 1.03843 
810   -21215.9    -235.131193 82 125 0.062334 0.038473 0.153524 0.103669 0.076069 0.058619 0.084731 5.49455 0.974176 
815   -21426.6   -329.3799372 64 34 0.095536 0.076339 0.058299 0.049450 0.095843 0.056462 0.143867 3.94586 1.03589 
820   -21207.9   -272.7259852 67 105 0.062023 0.047085 0.069313 0.072987 0.047184 0.035401 0.092653 1.6199 1.01052 
825   -21122.6    54.06401725 36 109 0.112244 0.087698 0.127603 0.063858 0.101469 0.095773 0.100784 1.86524 1.01184 
830   -20557.6    119.0468257 53 12 0.061844 0.014839 0.066486 0.063397 0.030308 0.101540 0.049382 0.843593 1.0399 
835   -20629.6    1184.532028 16 9 0.082134 0.087356 0.108649 0.061063 0.056417 0.110695 0.054791 4.70617 1.00512 
840   -20953.6    215.0859141 58 16 0.093169 0.058681 0.054046 0.125763 0.087557 0.077760 0.038811 0.683733 0.970216 
845       -inf           -inf 109 0 0.028982 0.057703 0.051498 0.020996 0.122641 0.025529 0.032744 0.341238 1.03461 
850     -20923            inf 126 26 0.124791 0.108968 0.032734 0.044217 0.064289 0.083620 0.067362 0.737143 1.01548 
855   -21040.8   -298.5228512 3 53 0.042645 0.091560 0.050348 0.084713 0.052155 0.100942 0.088990 0.856055 1.02718 
860   -20727.2    492.3637835 13 91 0.063951 0.109713 0.050252 0.112934 0.085126 0.073873 0.019211 1.81024 1.01814 
865   -20723.4    192.0280186 61 54 0.127789 0.075996 0.081394 0.070084 0.055921 0.049959 0.122431 14.3546 1.0305 
870   -21866.6   -712.0251443 38 97 0.064842 0.084561 0.078413 0.011090 0.053938 0.051207 0.101972 2.77451 1.03242 
875   -21039.9    404.4988697 86 45 0.107154 0.051972 0.022187 0.115797 0.043829 0.033529 0.040908 2.15852 1.01059 
880   -20762.8   -120.5175985 126 82 0.037436 0.099439 0.089206 0.027247 0.093991 0.085390 0.112935 2.30306 1.0187 
885       -inf           -inf 22 123 0.100517 0.034412 0.082060 0.076653 0.086030 0.094253 0.104281 4.58872 0.959063 
890   -20524.7     508.344043 5 21 0.077695 0.116983 0.034807 0.085149 0.049713 0.102561 0.140532 5.8409 1.07145 
895   -21040.9    147.2070448 14 70 0.059482 0.076910 0.013221 0.068498 0.031265 0.151174 0.062755 4.44255 1.02562 
900   -21248.8    784.3734763 82 5 0.087509 0.094917 0.062337 0.102563 0.020816 0.032316 0.093973 9.39057 1.02766 