#
# Code will run in posterior sampling mode.
#
# A scale parameter will be fit to the bkg model.
#
# The total number of Gibbs draws is 900, every 5th draws will be saved.
#
# The model will be fit using the Multi Scale Prior.
#
# The data matrix is 128 by 128.
#
# The data file should contain a  2^7 by 2^7 matrix of counts.
#
# Starting Values for the smoothing parameter (alpha):
# Aggregation Level:  0,   alpha: 0.03 (Full Data)
# Aggregation Level:  1,   alpha: 0.04
# Aggregation Level:  2,   alpha: 0.05
# Aggregation Level:  3,   alpha: 0.06
# Aggregation Level:  4,   alpha: 0.07
# Aggregation Level:  5,   alpha: 0.08
# Aggregation Level:  6,   alpha: 0.09  (In the 2x2 table)
#
# The prior distribution on the total count from the multiscale component is
# Gamma(1.000000, 0.050000).
#
# The hyper-prior smoothing parameter (kappa 2) is 1000.
#
iteration logPost stepSize cycleSpinRow cycleSpinCol smoothingParam0 smoothingParam1 smoothingParam2 smoothingParam3 smoothingParam4 smoothingParam5 smoothingParam6 expectedMSCounts bkgScale 
5   -22790.2    -110.321936 44 35 0.254984 0.307409 0.346523 0.337048 0.257387 0.184467 0.084810 861.293 0.183194 
10   -22140.6   -340.3048731 47 30 0.214741 0.207546 0.328568 0.300887 0.212748 0.113274 0.096998 603.186 0.419402 
15   -21310.6     204.278783 15 104 0.111864 0.197691 0.259802 0.244714 0.217906 0.143992 0.117873 351.225 0.649779 
20   -21199.3    118.1698878 65 15 0.151314 0.095641 0.135819 0.203921 0.207124 0.090026 0.112665 177.948 0.81 
25   -21295.3    -439.763067 70 90 0.077338 0.073387 0.153096 0.129042 0.177329 0.178618 0.045058 116.05 0.864194 
30   -20351.3    529.0628087 125 95 0.107760 0.094910 0.153137 0.170012 0.210522 0.202250 0.073238 113.723 0.858824 
35   -20757.1      180.77614 43 50 0.013718 0.129708 0.071038 0.114662 0.124427 0.210407 0.127089 75.1439 0.900661 
40   -20240.4    454.7529517 63 18 0.056968 0.158938 0.107564 0.136457 0.151726 0.152770 0.142090 48.2438 0.92282 
45   -20988.7   -589.0049842 94 120 0.104327 0.050466 0.112932 0.078735 0.180987 0.152248 0.104920 51.0968 0.910358 
50   -20762.9    62.82375282 49 72 0.065406 0.117476 0.078128 0.101333 0.140843 0.130543 0.142837 24.0025 0.982137 
55   -20527.2            inf 1 45 0.048007 0.154053 0.081082 0.109891 0.062820 0.106397 0.125251 15.0911 0.923067 
60   -20696.4    887.3802687 79 57 0.047855 0.039008 0.130009 0.080619 0.026587 0.121197 0.128275 24.4959 0.944905 
65   -21185.4   -525.8154055 73 53 0.030849 0.030237 0.106172 0.024988 0.059329 0.151698 0.065888 18.3316 0.963116 
70   -20532.8    674.3667388 103 95 0.029203 0.107175 0.085306 0.055045 0.133855 0.128926 0.117346 17.8647 1.00039 
75   -20808.7            inf 70 72 0.112167 0.055803 0.084006 0.049328 0.076860 0.091160 0.018728 18.3736 0.92878 
80     -21647   -689.3283437 40 15 0.036637 0.077293 0.046345 0.064629 0.106732 0.070174 0.143231 16.0369 0.923374 
85   -21336.1            inf 16 17 0.057691 0.115601 0.023653 0.052622 0.106174 0.072114 0.159426 24.4398 0.973862 
90   -20735.8   -272.4931143 52 24 0.107225 0.063805 0.109810 0.138270 0.096120 0.093901 0.049913 15.8513 0.944163 
95   -20924.7            inf 14 1 0.053014 0.059521 0.074119 0.107818 0.029480 0.133346 0.134592 10.3005 0.967633 
100   -20822.1   -179.6070586 68 109 0.056471 0.045687 0.052783 0.040416 0.074548 0.121128 0.061919 5.78959 0.940948 
105   -20735.1    78.93556007 112 79 0.110152 0.106664 0.076885 0.094592 0.083912 0.084428 0.094581 4.35839 0.99121 
110   -21280.3    298.0782573 15 12 0.076394 0.087469 0.112694 0.066086 0.062405 0.008393 0.083595 4.75077 1.01179 
115   -20499.1    178.6940284 101 104 0.121592 0.073058 0.024393 0.158844 0.054197 0.091363 0.049552 4.86234 0.96131 
120     -20768     9.86940457 14 99 0.086888 0.093947 0.155034 0.064838 0.149259 0.047908 0.078053 7.9964 0.970093 
125       -inf           -inf 57 96 0.112425 0.044658 0.080572 0.090102 0.134435 0.087508 0.089656 1.21607 0.987613 
130   -20744.6    183.7051898 95 65 0.121818 0.049093 0.154361 0.049206 0.125138 0.063861 0.157310 7.1411 0.9883 
135   -20636.4    142.8867414 64 20 0.013780 0.032475 0.045599 0.044155 0.069084 0.090832 0.066708 2.61501 0.986181 
140   -20413.3   -133.0512744 91 112 0.073535 0.073055 0.039831 0.068507 0.060610 0.090692 0.103102 3.18662 0.999805 
145       -inf           -inf 43 47 0.088132 0.140631 0.018506 0.099387 0.128169 0.090399 0.034895 2.60999 1.01219 
150   -20986.4   -466.0041949 31 6 0.055110 0.103550 0.098957 0.083133 0.091055 0.028238 0.007428 5.96827 0.974998 
155   -21305.7   -475.7945545 96 105 0.098457 0.056169 0.082899 0.055720 0.136638 0.020362 0.041729 4.29155 0.937096 
160   -20884.4    30.74604002 44 91 0.028508 0.104638 0.011276 0.033639 0.038703 0.032678 0.066212 6.09709 0.974889 
165   -20681.9     762.395216 124 92 0.123830 0.119790 0.034590 0.087482 0.043747 0.048294 0.097869 4.47078 1.00583 
170   -20707.6   -68.81874646 61 109 0.033024 0.028426 0.029832 0.141447 0.080272 0.072132 0.114883 4.31424 0.962727 
175   -21048.4   -395.1690878 109 38 0.091050 0.100312 0.060292 0.134870 0.084280 0.080451 0.158942 3.84544 0.978572 
180   -20922.8    107.1924043 30 22 0.022984 0.032763 0.057118 0.038277 0.070504 0.082156 0.095969 4.51673 1.00604 
185   -20953.6   -289.7545094 121 73 0.053148 0.044171 0.119102 0.045176 0.019144 0.084513 0.066021 3.12865 1.02184 
190   -20840.5    214.1995645 113 57 0.146420 0.011175 0.080094 0.054773 0.105233 0.102452 0.039874 2.77182 0.964593 
195   -20879.7   -243.9580085 78 57 0.075464 0.081721 0.043509 0.024153 0.055540 0.081404 0.120864 5.98863 0.987207 
200     -21268   -330.4911279 111 17 0.088934 0.076062 0.135830 0.037344 0.049812 0.077813 0.037200 6.19216 1.01648 
205   -21254.5    -70.2572918 109 99 0.066192 0.051393 0.037471 0.103036 0.049669 0.035265 0.064643 2.70864 0.987933 
210   -21083.3    18.87912109 4 90 0.063046 0.057364 0.044088 0.088650 0.071775 0.056232 0.017884 6.46357 1.00182 
215       -inf           -inf 69 39 0.054304 0.137400 0.067613 0.114186 0.098320 0.036710 0.071968 0.479458 0.94823 
220   -20865.8    144.0213204 43 80 0.066925 0.041112 0.037745 0.043344 0.076921 0.091528 0.046516 1.33121 0.957577 
225   -21017.4    197.7420381 58 36 0.142631 0.069762 0.083678 0.056843 0.035105 0.022880 0.094233 3.35926 0.952032 
230   -21110.6   -464.6971446 104 33 0.063355 0.091449 0.025892 0.053463 0.115638 0.088805 0.109800 1.95995 0.950556 
235   -21042.8   -187.1914162 83 79 0.032027 0.057104 0.065557 0.025771 0.049578 0.093634 0.072119 3.27169 1.00426 
240   -20763.3    150.8689401 111 123 0.072154 0.088901 0.017995 0.053961 0.022174 0.067988 0.083903 3.06086 0.978067 
245   -20589.1    441.8812491 86 97 0.007856 0.086413 0.058771 0.081077 0.005757 0.062673 0.087554 6.54266 0.987337 
250   -21393.9   -445.5283982 4 28 0.116989 0.032653 0.138031 0.060087 0.081458 0.065280 0.096263 1.92357 0.969352 
255   -21002.6    615.4689385 117 39 0.076358 0.008980 0.060850 0.083919 0.021522 0.125004 0.039528 0.60374 0.965166 
260   -20738.4    204.4541964 120 9 0.100103 0.056900 0.040450 0.021692 0.060628 0.096340 0.063876 8.66887 0.97802 
265   -20599.9    530.6794556 72 78 0.030075 0.061412 0.097460 0.084871 0.077678 0.157848 0.078884 9.91994 1.0104 
270   -20860.7    634.7181371 104 6 0.050412 0.092910 0.089126 0.052731 0.043137 0.111729 0.141330 6.31461 0.94828 
275   -20661.6            inf 107 81 0.076395 0.080328 0.071706 0.041046 0.103086 0.088716 0.096942 9.2628 1.00017 
280   -20859.1            inf 108 21 0.009004 0.037240 0.122424 0.107090 0.121927 0.053138 0.144624 7.37455 0.969362 
285   -20744.9   -305.7427741 29 13 0.047152 0.112595 0.095298 0.064169 0.067995 0.099080 0.063784 6.58709 0.961717 
290     -20685    185.4543689 43 112 0.128816 0.074658 0.093628 0.061939 0.116071 0.076766 0.090138 9.10465 1.00478 
295   -20288.8    583.9647848 65 126 0.014163 0.076443 0.034938 0.122656 0.061269 0.113676 0.051948 10.8548 1.0092 
300   -21221.3            inf 91 15 0.027651 0.071448 0.114379 0.097104 0.015657 0.096225 0.065821 9.41532 0.973397 
305   -21006.1    -72.3677421 26 7 0.018311 0.083353 0.059623 0.048511 0.018441 0.079855 0.167727 11.1425 1.00597 
310   -20979.1   -161.7822006 94 28 0.098156 0.015844 0.128671 0.118732 0.103813 0.091802 0.114853 12.9949 0.986598 
315   -20810.5     291.566417 49 46 0.088005 0.052392 0.027464 0.044349 0.095859 0.064213 0.093966 12.0856 1.00031 
320   -20373.9    70.61178389 74 120 0.051670 0.094935 0.047674 0.100325 0.112052 0.114925 0.080342 7.70774 0.951342 
325   -21113.3    583.6576934 124 80 0.151484 0.034715 0.088670 0.103420 0.119885 0.103651 0.130537 13.8751 0.964647 
330   -20749.7    95.45467698 105 92 0.024319 0.044173 0.046459 0.055589 0.094650 0.136829 0.054484 6.89105 1.01104 
335   -21194.3   -292.0540793 48 118 0.083573 0.077784 0.068414 0.106826 0.088725 0.054167 0.030284 12.9817 0.978825 
340     -20459    194.0700213 93 61 0.026462 0.073148 0.088234 0.070676 0.072255 0.034413 0.057045 8.8601 0.959995 
345   -20723.3            inf 70 11 0.053968 0.060428 0.089578 0.071525 0.168760 0.084118 0.081806 8.26138 0.986596 
350   -21654.2   -638.4295365 16 120 0.090114 0.084550 0.075717 0.146827 0.084594 0.075237 0.046296 12.2212 0.953297 
355   -20494.8     636.675717 61 68 0.034389 0.081655 0.135252 0.008444 0.014340 0.060843 0.064762 11.1966 0.984051 
360       -inf           -inf 84 92 0.051590 0.075420 0.063929 0.020094 0.028716 0.055383 0.081740 9.53677 0.973379 
365   -21080.3   -182.7972736 4 116 0.021573 0.161266 0.033127 0.081673 0.067651 0.104811 0.100039 4.69632 1.02562 
370   -21145.7    42.77694539 115 78 0.013348 0.045017 0.025063 0.036502 0.089225 0.065002 0.051347 3.97867 0.966805 
375       -inf           -inf 61 39 0.037078 0.110451 0.100804 0.097497 0.058189 0.076078 0.064740 4.95314 0.951741 
380   -20625.6   -64.74878166 99 11 0.064849 0.114349 0.064382 0.098869 0.108592 0.133820 0.117272 10.965 0.988409 
385   -20788.8    162.1562686 34 65 0.092564 0.067184 0.055870 0.025813 0.044667 0.060696 0.066357 9.86661 1.01444 
390   -21043.6   -447.3018605 111 61 0.016367 0.133351 0.041084 0.073658 0.115686 0.024468 0.131595 1.19746 0.980612 
395       -inf           -inf 88 6 0.113044 0.080900 0.034833 0.017394 0.122692 0.048663 0.052157 3.88342 0.962911 
400     -21278   -697.6279428 91 34 0.122717 0.053159 0.090609 0.147736 0.037958 0.076580 0.060195 5.74355 1.01595 
405   -20614.7    31.70219617 116 66 0.077301 0.083318 0.092322 0.045302 0.120608 0.094748 0.110594 2.58276 1.00655 
410   -21280.1     -446.57396 53 87 0.048561 0.034279 0.033968 0.088165 0.042428 0.030533 0.043788 2.24511 0.969916 
415       -inf           -inf 68 63 0.031420 0.114042 0.105909 0.043231 0.053972 0.034936 0.098841 7.70323 0.960631 
420   -20932.9   -272.3226077 36 50 0.067317 0.063033 0.102382 0.102781 0.065587 0.074018 0.044427 5.79309 0.955409 
425   -20647.8    399.4602954 77 63 0.108184 0.082887 0.020850 0.063254 0.070167 0.065872 0.050556 2.97528 1.01511 
430   -20687.5     -89.587842 5 6 0.088031 0.105057 0.077178 0.107199 0.112610 0.101833 0.049527 8.8346 0.971085 
435   -21143.8   -271.6645624 45 114 0.074212 0.097310 0.113442 0.072373 0.042504 0.049745 0.117111 7.36046 0.983613 
440   -20783.9     128.696644 76 107 0.040566 0.112353 0.113519 0.095523 0.105440 0.096699 0.017817 1.25957 0.942311 
445       -inf           -inf 36 24 0.021550 0.046530 0.096857 0.125311 0.130887 0.105538 0.044444 4.50855 1.01878 
450   -20787.8    292.5251044 34 74 0.111237 0.017062 0.054348 0.068623 0.023537 0.073613 0.083799 8.3771 1.01583 
455   -20531.7   -47.68197943 27 15 0.050205 0.032384 0.052177 0.117621 0.054686 0.134978 0.121537 3.66388 0.962357 
460   -21087.7   -638.8948449 114 30 0.068171 0.120738 0.048764 0.092531 0.079269 0.074631 0.091474 12.0467 0.9883 
465     -20610    1167.380541 56 9 0.120704 0.110239 0.078041 0.080599 0.117260 0.133567 0.094016 5.74273 1.00445 
470     -21151   -36.52740684 122 103 0.058061 0.073237 0.096642 0.035022 0.031016 0.113793 0.097751 2.05866 0.983186 
475   -20685.5   -42.75006574 37 79 0.037589 0.066593 0.043997 0.070585 0.044383 0.077092 0.132655 3.55618 1.01774 
480   -20982.1    155.6655512 98 61 0.042627 0.083186 0.066975 0.024940 0.049969 0.066953 0.038754 6.31375 0.986778 
485   -20930.6   -374.0626755 37 76 0.102751 0.102871 0.091397 0.075932 0.083426 0.106888 0.046230 5.36326 1.02293 
490   -20578.6    93.17749567 59 9 0.096978 0.079525 0.066417 0.136644 0.071297 0.073627 0.079133 6.95158 0.985654 
495   -20764.1    421.6469704 105 63 0.096590 0.129402 0.103844 0.095995 0.085584 0.105359 0.074720 1.67781 1.00097 
500   -20884.2   -194.9233627 60 82 0.095811 0.099426 0.061677 0.094618 0.094951 0.054457 0.091897 5.27912 0.987032 
505   -20916.9    -361.099906 60 59 0.114025 0.064676 0.095738 0.049264 0.107685 0.071908 0.080953 2.72056 0.994665 
510   -21089.8   -455.0047102 120 100 0.066272 0.105036 0.065816 0.116695 0.038479 0.078985 0.141186 0.821494 0.981636 
515   -21148.4    159.0297555 81 11 0.034037 0.118320 0.082460 0.035681 0.085545 0.079945 0.089383 6.12872 0.969672 
520     -20598     563.924202 116 45 0.038111 0.048287 0.122800 0.044710 0.088951 0.081390 0.148664 6.14377 0.995503 
525   -20945.8    66.71985073 34 54 0.073505 0.039104 0.072893 0.070250 0.119819 0.055161 0.101149 3.10906 0.973454 
530   -21122.2     -151.78937 37 118 0.096810 0.011646 0.087596 0.039052 0.045134 0.041869 0.064926 0.236987 0.997617 
535   -20776.4    33.92174638 7 112 0.051884 0.096268 0.057428 0.044863 0.032620 0.067918 0.080989 2.76988 0.998251 
540   -20769.9   -177.3882734 122 103 0.064324 0.119170 0.052670 0.089799 0.049157 0.120468 0.045269 2.33142 0.98947 
545   -20732.8    82.74856337 92 54 0.144134 0.080191 0.052273 0.039196 0.122559 0.081950 0.099092 3.01047 0.965639 
550   -21219.2   -577.5509055 104 127 0.055104 0.040255 0.112590 0.045597 0.020533 0.038912 0.057027 1.69579 0.95903 
555   -20683.3    236.2802859 48 62 0.064405 0.114582 0.054876 0.045801 0.050478 0.136477 0.093854 6.70267 0.994387 
560   -20885.7     107.781745 78 7 0.086449 0.074694 0.048262 0.024801 0.125313 0.064964 0.056331 13.1651 0.993239 
565   -21457.7            inf 86 1 0.120034 0.062931 0.097919 0.080975 0.067288 0.069863 0.050481 7.22113 0.933799 
570   -21076.5    21.89425774 21 84 0.042922 0.061321 0.087292 0.085043 0.120462 0.135084 0.120353 8.92295 0.997414 
575   -20765.9   -31.51837893 110 96 0.059370 0.142113 0.082669 0.105863 0.121280 0.063674 0.097942 5.95598 0.98773 
580     -21157    89.22260492 126 42 0.112296 0.090152 0.084783 0.073612 0.086573 0.064262 0.090092 7.03486 0.941491 
585   -22157.5   -1196.370123 89 107 0.052173 0.086784 0.099574 0.080033 0.039528 0.063961 0.083420 4.71168 0.954246 
590   -20767.4   -67.34247694 5 0 0.161509 0.084499 0.065237 0.114319 0.099960 0.077398 0.049880 5.58213 1.03155 
595   -20754.4    350.4999008 76 41 0.085600 0.116429 0.052424 0.059111 0.012034 0.116345 0.030028 9.79484 0.98669 
600   -20945.5   -477.0716143 9 43 0.056200 0.159163 0.135033 0.078272 0.142658 0.113284 0.047104 6.36005 1.00542 
605   -21421.2   -556.2451755 69 9 0.066077 0.060614 0.027220 0.037076 0.048349 0.060199 0.076582 1.76044 0.987049 
610   -20822.3            inf 3 87 0.006354 0.087303 0.123722 0.062573 0.141686 0.055862 0.053319 2.27863 0.984307 
615   -21149.9     -3.4240739 123 73 0.013608 0.033628 0.073327 0.041923 0.090861 0.041740 0.076587 4.53417 0.978263 
620   -21241.6   -518.7412065 127 111 0.057329 0.039316 0.076867 0.109964 0.080197 0.117403 0.051180 2.81055 0.987026 
625   -20909.8   -311.7216697 25 81 0.034123 0.036473 0.045941 0.034902 0.034332 0.037981 0.028762 1.80457 0.985232 
630   -20382.9    225.5899322 75 41 0.118524 0.101178 0.137218 0.059253 0.149688 0.121192 0.009810 2.87924 0.942379 
635     -20583    453.4230538 91 36 0.084861 0.064689 0.064966 0.045790 0.124535 0.118641 0.020991 2.80974 0.935957 
640   -20895.6    469.7907702 67 113 0.029463 0.041350 0.069875 0.060975 0.081933 0.090840 0.024473 3.22891 0.925277 
645   -20742.8    243.2447142 31 31 0.013991 0.071850 0.101779 0.026446 0.100305 0.038597 0.051790 1.93643 1.00744 
650   -20964.7   -96.66323547 72 14 0.074001 0.018933 0.112398 0.080746 0.020403 0.080700 0.112093 0.157954 1.00746 
655   -20914.8            inf 3 36 0.161361 0.117856 0.122427 0.113912 0.077445 0.090805 0.098964 2.19654 0.99742 
660   -21386.7   -396.1887801 64 10 0.063815 0.070183 0.054451 0.079313 0.099115 0.045305 0.074084 1.93388 0.944106 
665   -21239.8   -500.9979804 13 17 0.108190 0.097289 0.069941 0.109731 0.139086 0.065428 0.039236 6.19217 0.982296 
670   -20918.2   -109.7044555 87 40 0.068927 0.055261 0.149140 0.078773 0.016229 0.086737 0.104878 3.3278 0.926936 
675       -inf           -inf 95 29 0.041269 0.034984 0.097156 0.089679 0.046356 0.056961 0.091732 1.69262 1.06386 
680   -21227.6   -359.1640679 105 108 0.056134 0.044446 0.082115 0.011940 0.120889 0.119971 0.045957 1.53447 0.960689 
685   -21025.5    164.4501415 17 7 0.050408 0.099977 0.036541 0.100229 0.085134 0.114588 0.028319 1.28968 0.979749 
690       -inf           -inf 4 74 0.084506 0.036644 0.021434 0.088967 0.050928 0.070713 0.124369 0.466605 0.981998 
695   -20969.9    55.23941468 3 3 0.109735 0.017586 0.086148 0.062272 0.037525 0.096259 0.083986 1.33138 0.93256 
700   -20495.4    258.5213319 67 72 0.079910 0.096312 0.099572 0.076801 0.092796 0.084115 0.125043 2.04569 0.986263 
705       -inf           -inf 110 116 0.014940 0.055556 0.084980 0.039996 0.055510 0.081461 0.077082 0.669434 0.956491 
710   -21193.4   -669.4770938 126 74 0.072587 0.115092 0.106838 0.136817 0.084425 0.061124 0.101187 1.01965 0.953825 
715   -20794.5    60.97184322 120 104 0.044631 0.048969 0.076274 0.122127 0.025150 0.029015 0.128870 2.04828 1.01571 
720   -21297.5   -267.6978612 5 87 0.126006 0.128893 0.077356 0.133194 0.110631 0.048649 0.023806 0.492463 1.01731 
725   -20415.4    385.3352435 37 26 0.126376 0.123920 0.084690 0.051454 0.086740 0.044607 0.041795 0.825012 0.978355 
730   -20894.9    23.47137082 9 58 0.033508 0.072464 0.111356 0.147067 0.078303 0.037235 0.025857 1.77749 1.02455 
735   -20550.1    512.7385328 27 127 0.054823 0.013245 0.098299 0.087285 0.059601 0.128862 0.069708 0.526936 1.01658 
740   -20711.2    296.4558148 47 116 0.054895 0.086360 0.043429 0.066940 0.097534 0.028107 0.053790 0.45838 0.983516 
745       -inf           -inf 100 68 0.061684 0.108763 0.031958 0.101563 0.092575 0.078948 0.055250 1.55811 1.01377 
750   -21041.2   -285.1607318 57 80 0.077863 0.072396 0.100256 0.011429 0.110340 0.084417 0.042702 1.95574 0.965393 
755   -20857.1    139.0826521 30 64 0.087146 0.099912 0.121884 0.078855 0.130805 0.089549 0.068801 3.79906 0.945339 
760   -21002.3   -363.1026687 123 126 0.148941 0.094492 0.089811 0.080719 0.075527 0.054729 0.119813 7.74679 0.993449 
765   -20917.4    -200.584487 70 22 0.088500 0.083779 0.068616 0.110905 0.097376 0.120285 0.089123 5.77687 0.969134 
770     -20771    402.2439348 4 48 0.118574 0.131581 0.081273 0.053749 0.088331 0.101469 0.102427 7.82618 0.993812 
775     -20890    202.4399072 97 121 0.023855 0.045027 0.110958 0.100452 0.133791 0.095768 0.109327 8.47341 1.01223 
780   -21328.2   -513.8657419 123 73 0.031366 0.122011 0.078512 0.048144 0.101076 0.062194 0.072686 14.3176 1.01396 
785   -20875.1    114.2753036 79 97 0.091413 0.030383 0.070763 0.076825 0.074525 0.062531 0.086028 6.93252 0.999223 
790   -20767.8     216.222592 5 13 0.046309 0.109819 0.021792 0.086706 0.057416 0.068665 0.118849 6.99503 0.942566 
795   -21216.4   -351.7001135 118 50 0.178681 0.066758 0.022657 0.087184 0.086470 0.064043 0.052986 5.9982 0.995404 
800   -20662.7    501.5668271 40 2 0.117796 0.108677 0.029802 0.064600 0.094374 0.089116 0.034954 4.4062 1.02479 
805   -20967.4    98.88997558 20 126 0.043535 0.087689 0.092789 0.050487 0.084455 0.095552 0.067495 15.3404 0.965024 
810   -20944.8    135.6453484 83 83 0.064026 0.038268 0.010775 0.026796 0.110220 0.138902 0.074296 7.39068 0.957206 
815     -20496    589.7476459 90 39 0.048829 0.073228 0.089081 0.120641 0.056588 0.071021 0.069145 5.82885 0.992993 
820   -21540.6   -581.5808988 63 87 0.069670 0.098396 0.065481 0.087462 0.037679 0.069650 0.057021 4.06457 0.972018 
825   -20551.5    679.7328363 11 10 0.072776 0.075013 0.085897 0.123231 0.034688 0.048259 0.115809 6.94698 1.01585 
830   -20725.3     221.894262 39 50 0.107708 0.065054 0.110040 0.079125 0.129497 0.064485 0.099442 3.88233 0.980356 
835   -21277.8    187.8369391 76 113 0.078662 0.081182 0.062880 0.042705 0.066476 0.064405 0.073349 6.21642 0.978692 
840   -20788.9    196.5364606 122 121 0.090553 0.139355 0.152104 0.133939 0.103155 0.064597 0.145149 1.87174 0.990237 
845   -21109.3   -118.9944026 62 54 0.113921 0.050611 0.114886 0.111851 0.025398 0.090352 0.029977 1.30825 1.03969 
850   -21117.1    558.1617883 73 107 0.099411 0.076128 0.064548 0.088232 0.066209 0.042088 0.048048 6.8568 0.96399 
855     -21076   -48.45168713 77 107 0.039450 0.078933 0.054301 0.074236 0.019299 0.083993 0.100882 6.31235 0.997883 
860   -21290.9   -504.1252857 4 60 0.065493 0.141849 0.131201 0.077733 0.055549 0.070407 0.048756 1.8942 0.948484 
865   -20664.4    343.9227407 92 67 0.030360 0.105911 0.098656 0.072914 0.081556 0.080090 0.122578 1.1206 0.977511 
870   -20551.5    506.6315308 48 61 0.104565 0.071022 0.093185 0.095164 0.096356 0.118016 0.074897 1.88571 0.95773 
875   -21501.9            inf 4 33 0.027473 0.029398 0.082782 0.125964 0.077170 0.055063 0.118460 8.15383 0.965489 
880   -21086.9   -403.9744083 29 78 0.140556 0.123011 0.111237 0.033168 0.076904 0.163485 0.073919 5.70166 1.03716 
885   -20680.5    321.6670012 45 38 0.025306 0.124110 0.040117 0.063624 0.099477 0.079265 0.097893 2.06776 0.990093 
890   -21123.4   -382.3844499 26 78 0.178834 0.100295 0.085244 0.053214 0.038060 0.100676 0.090974 0.532367 0.953648 
895   -21067.1    43.82237491 80 48 0.063306 0.106620 0.054812 0.053462 0.025737 0.088174 0.095256 2.07325 0.977044 
900       -inf           -inf 62 80 0.081578 0.067097 0.027659 0.110244 0.121162 0.089200 0.027811 1.50876 0.975741 