#
# Code will run in posterior sampling mode.
#
# A scale parameter will be fit to the bkg model.
#
# The total number of Gibbs draws is 3600, every 20th draws will be saved.
#
# The model will be fit using the Multi Scale Prior.
#
# The data matrix is 128 by 128.
#
# The data file should contain a  2^7 by 2^7 matrix of counts.
#
# Starting Values for the smoothing parameter (alpha):
# Aggregation Level:  0,   alpha: 0.03 (Full Data)
# Aggregation Level:  1,   alpha: 0.04
# Aggregation Level:  2,   alpha: 0.05
# Aggregation Level:  3,   alpha: 0.06
# Aggregation Level:  4,   alpha: 0.07
# Aggregation Level:  5,   alpha: 0.08
# Aggregation Level:  6,   alpha: 0.09  (In the 2x2 table)
#
# The prior distribution on the total count from the multiscale component is
# Gamma(1.000000, 0.050000).
#
# The hyper-prior smoothing parameter (kappa 2) is 1000.
#
iteration logPost stepSize cycleSpinRow cycleSpinCol smoothingParam0 smoothingParam1 smoothingParam2 smoothingParam3 smoothingParam4 smoothingParam5 smoothingParam6 expectedMSCounts bkgScale 
20     -20404    129.9111542 13 9 0.034593 0.058539 0.073145 0.137313 0.193952 0.125075 0.076522 253.047 0.816445 
40   -20957.4            inf 99 60 0.088924 0.080110 0.120310 0.085113 0.102952 0.136428 0.071422 47.4603 0.974416 
60   -20945.2   -185.5184735 64 75 0.085724 0.108047 0.114416 0.110026 0.086854 0.059698 0.093796 18.5983 1.00309 
80     -21016    -187.565032 92 92 0.104095 0.034377 0.104984 0.018824 0.122287 0.127873 0.028507 13.8967 1.03214 
100   -20975.2   -18.94306899 58 77 0.052341 0.095835 0.018007 0.114449 0.040551 0.106988 0.048992 27.7095 1.03407 
120   -21497.8   -783.6958338 28 18 0.047820 0.060462 0.027786 0.052352 0.081672 0.055450 0.076495 20.8269 0.976067 
140   -21011.6     222.564304 109 83 0.074871 0.084186 0.050982 0.064214 0.077878 0.033098 0.119651 22.2348 1.02799 
160   -21070.1    170.4992807 67 82 0.079192 0.055932 0.126470 0.045404 0.022967 0.032494 0.056465 21.026 1.01401 
180   -20676.3    836.9331504 90 39 0.049952 0.081267 0.035198 0.094244 0.040541 0.063737 0.088305 27.0057 1.00928 
200   -20808.6    113.1822717 27 29 0.090891 0.046427 0.072539 0.109134 0.071811 0.085551 0.108110 14.5204 1.01978 
220   -20819.6    -150.176869 8 11 0.054251 0.074380 0.118956 0.034282 0.154356 0.072550 0.092343 19.4639 0.926878 
240   -20617.2    523.4214134 43 26 0.083191 0.133073 0.081780 0.064519 0.096582 0.035224 0.056594 6.16048 0.974912 
260   -21318.5   -385.0226438 88 64 0.043987 0.044622 0.094964 0.084227 0.045294 0.064742 0.027693 10.3705 1.03403 
280   -20967.4   -126.4177821 82 16 0.053473 0.097662 0.082615 0.020009 0.078562 0.064869 0.060382 15.8376 1.00102 
300   -20534.3    618.7610842 104 17 0.025754 0.048032 0.051298 0.100858 0.070571 0.029851 0.029225 12.179 1.01308 
320   -21140.7    430.4551042 33 95 0.057760 0.136676 0.114751 0.066697 0.083152 0.044647 0.088446 18.5341 1.00006 
340   -20843.2    -35.6184834 68 11 0.035011 0.035245 0.062718 0.057812 0.118326 0.037053 0.097234 18.953 0.987808 
360       -inf           -inf 27 38 0.041524 0.020604 0.080850 0.041137 0.105681 0.052336 0.103420 29.7689 0.982043 
380   -20857.1   -60.82662176 109 127 0.048618 0.066003 0.047445 0.076746 0.079429 0.075363 0.067937 28.6102 0.967699 
400   -20616.4    587.6567218 12 8 0.016101 0.021278 0.075466 0.059577 0.069493 0.100399 0.044160 26.3689 0.984787 
420   -20687.1    1093.607031 80 75 0.108261 0.069327 0.082539 0.087580 0.068051 0.102027 0.114564 8.43785 0.998898 
440   -21152.3    4.721705974 108 53 0.074717 0.091298 0.109742 0.028578 0.063769 0.071679 0.078101 16.1374 1.05535 
460   -20853.1            inf 99 116 0.031214 0.016077 0.037943 0.065890 0.140343 0.094507 0.142984 14.5253 1.02622 
480     -20963   -61.63659227 65 6 0.125486 0.087084 0.032297 0.048286 0.061953 0.057954 0.040702 15.6287 0.981991 
500   -20806.2    18.24824613 118 11 0.099193 0.111341 0.081215 0.135216 0.057226 0.119392 0.044813 14.2916 1.03131 
520   -20736.5            inf 96 62 0.025246 0.080959 0.115079 0.101236 0.090162 0.152611 0.084232 36.4735 1.03759 
540   -21000.5    179.4305152 33 7 0.113136 0.069420 0.021113 0.114230 0.119409 0.078630 0.036437 49.0421 0.955319 
560   -21255.7     183.944682 61 38 0.042342 0.027493 0.115104 0.088951 0.091439 0.081087 0.107321 29.4566 1.00237 
580   -20927.8      132.22874 66 82 0.070003 0.042066 0.047358 0.027332 0.112326 0.046152 0.042809 43.8828 0.940624 
600   -20795.1    871.5856863 121 26 0.068932 0.067527 0.028097 0.046043 0.087015 0.084515 0.082798 37.0368 0.983722 
620   -21050.5   -186.8591268 39 75 0.088815 0.075100 0.070334 0.123034 0.047097 0.031862 0.048913 27.1696 1.00231 
640   -21272.9    72.00935789 107 36 0.109120 0.048516 0.041425 0.088126 0.059501 0.079213 0.082129 9.19373 0.977502 
660   -21199.1   -95.39283988 27 84 0.110189 0.031632 0.082151 0.071406 0.121288 0.089171 0.061542 26.8415 1.01653 
680   -20965.9    304.6293182 33 109 0.110009 0.085074 0.019128 0.062173 0.128999 0.047992 0.079473 29.6812 0.937997 
700   -21326.4   -631.5595116 51 46 0.073452 0.094313 0.056293 0.041328 0.019739 0.074258 0.027308 17.0249 0.972282 
720   -21141.3   -258.9361274 16 0 0.006966 0.081172 0.094563 0.042920 0.054072 0.051642 0.115026 20.0367 1.06909 
740   -20667.8    448.5554653 81 65 0.083998 0.072040 0.068476 0.052572 0.043035 0.048931 0.071190 16.9702 0.983077 
760   -21318.5   -403.3711292 119 96 0.146559 0.025356 0.043727 0.062454 0.047391 0.116649 0.033729 19.1756 0.995268 
780   -20981.9   -186.5795468 86 82 0.082247 0.099577 0.095145 0.095049 0.072284 0.071914 0.060768 11.7714 0.966339 
800   -20791.5     134.948255 105 92 0.093699 0.102874 0.045741 0.086555 0.029389 0.083047 0.029027 24.6172 1.00836 
820   -20992.7            inf 10 100 0.028077 0.042130 0.052776 0.110270 0.115368 0.035229 0.139660 26.3121 1.0488 
840       -inf           -inf 43 94 0.056468 0.051989 0.044076 0.032414 0.128188 0.097335 0.163250 14.4023 1.00185 
860   -20749.8    223.4034066 77 54 0.105437 0.053820 0.008318 0.022985 0.150989 0.119112 0.153787 5.32227 1.06351 
880     -21468   -496.2272724 95 57 0.100302 0.066659 0.018704 0.034229 0.113325 0.084007 0.073889 3.44511 1.01653 
900   -20679.7    185.3389095 62 120 0.087066 0.087069 0.052575 0.050439 0.099093 0.052725 0.085128 18.1083 1.00004 
920   -20990.3    136.8235509 121 95 0.032216 0.078706 0.083095 0.065340 0.033490 0.118942 0.057185 17.6682 0.982859 
940       -inf           -inf 110 93 0.011178 0.010050 0.003273 0.075630 0.024828 0.064474 0.119235 18.475 0.946484 
960   -20809.2   -393.0220665 33 13 0.043780 0.053630 0.040097 0.104238 0.074069 0.090519 0.023150 9.50653 1.05154 
980   -20842.5   -199.1876546 110 69 0.034390 0.087014 0.134694 0.098139 0.053513 0.020538 0.118393 19.8277 0.989732 
1000   -20764.1   -24.27955174 45 29 0.040859 0.126098 0.120909 0.110669 0.067549 0.093860 0.089793 14.6766 0.973098 
1020   -21062.3    299.4691781 44 102 0.014335 0.070169 0.092992 0.068701 0.120205 0.096277 0.114630 47.5019 0.918001 
1040   -20759.3   -91.92206851 74 122 0.034856 0.013324 0.056835 0.045723 0.115933 0.020367 0.049165 13.0705 0.981669 
1060   -20681.3    257.6930797 54 104 0.067249 0.050141 0.166098 0.082383 0.071889 0.055289 0.083997 25.4058 0.984833 
1080   -21202.2    160.8372945 85 63 0.168426 0.082555 0.053949 0.082660 0.060199 0.100556 0.049162 14.577 0.980586 
1100   -20943.7    486.8464118 81 77 0.053532 0.017391 0.106870 0.030794 0.064074 0.064365 0.137093 26.8416 0.980878 
1120     -20983   -92.47909748 41 61 0.020067 0.035158 0.150594 0.134785 0.052310 0.029262 0.049269 10.8074 0.975247 
1140   -20781.8    213.5642253 52 7 0.025484 0.087194 0.029025 0.155031 0.113425 0.017425 0.109381 14.3202 0.978595 
1160   -20647.2    349.6659331 102 111 0.024824 0.052412 0.068048 0.079374 0.046122 0.020597 0.122795 11.6376 1.03483 
1180   -20730.6    87.01776422 54 34 0.056081 0.102562 0.041660 0.062109 0.169481 0.048664 0.036447 7.39915 1.00931 
1200   -21019.3   -219.9012032 94 71 0.070361 0.064352 0.110145 0.113563 0.071184 0.144183 0.127561 6.86243 0.981013 
1220       -inf           -inf 91 23 0.036478 0.130491 0.105986 0.074359 0.146757 0.055582 0.079507 12.2797 0.985342 
1240   -20870.8    24.44946856 16 124 0.038474 0.024650 0.099242 0.089586 0.114524 0.044610 0.035052 17.2862 0.969567 
1260   -20513.2    596.2871563 114 27 0.031044 0.077819 0.106386 0.038017 0.066708 0.049965 0.121270 21.5632 1.05764 
1280   -20733.1            inf 58 124 0.039249 0.065248 0.080836 0.079801 0.091100 0.074554 0.053414 24.1562 0.979832 
1300   -21670.5   -496.4065359 9 126 0.070678 0.046250 0.081934 0.040067 0.052584 0.075095 0.060705 19.2336 1.00391 
1320   -20991.2    -96.0857653 111 52 0.062583 0.124180 0.044734 0.018568 0.099492 0.107452 0.087809 23.6373 1.008 
1340   -21498.5   -901.3252809 2 44 0.082404 0.114162 0.105137 0.106264 0.112637 0.113151 0.071793 23.8126 1.03452 
1360   -20993.4   -46.61108707 25 104 0.042525 0.102624 0.021657 0.124375 0.084597 0.104433 0.021540 13.7184 0.989112 
1380     -21230   -45.79610938 14 12 0.033995 0.089817 0.036589 0.073285 0.035114 0.084634 0.104467 9.41067 1.03428 
1400   -21425.1   -460.7476403 49 88 0.059688 0.071844 0.010266 0.117995 0.097547 0.078179 0.051176 13.0339 0.960661 
1420   -21442.3   -476.8941444 25 58 0.089614 0.148594 0.068699 0.140061 0.108710 0.098560 0.060154 30.912 1.01775 
1440   -20763.2   -130.7479428 38 104 0.049183 0.062773 0.080060 0.062157 0.077695 0.101504 0.060258 13.7168 1.00747 
1460   -20986.6    121.0152908 11 6 0.053458 0.032239 0.080623 0.086285 0.112588 0.132509 0.143183 24.8988 0.913769 
1480     -20854    456.3566854 16 6 0.033986 0.066188 0.012561 0.131688 0.054184 0.133011 0.104870 20.158 0.996025 
1500   -21534.3   -737.2365954 65 49 0.102709 0.121854 0.108639 0.116479 0.055286 0.067261 0.090860 26.2498 0.966449 
1520       -inf            nan 54 41 0.036643 0.083275 0.108235 0.046081 0.058071 0.079875 0.095627 26.0709 0.929151 
1540     -20753            inf 78 73 0.078270 0.034723 0.124947 0.107902 0.087876 0.093921 0.007066 17.8121 1.03509 
1560   -21094.7    123.7948868 109 72 0.092098 0.093227 0.060838 0.141980 0.042048 0.077596 0.105856 17.7608 0.963963 
1580   -21352.1    -272.775704 73 51 0.070836 0.103251 0.106387 0.140811 0.105769 0.064853 0.073827 19.1157 1.00625 
1600   -20867.3    118.0611158 11 119 0.092749 0.091366 0.035282 0.043169 0.110862 0.097826 0.065249 24.8047 0.970788 
1620   -21611.5   -556.7615897 83 110 0.080186 0.056614 0.015009 0.032626 0.104103 0.018582 0.095368 27.9066 1.01666 
1640   -21291.3   -502.9048594 74 35 0.065127 0.111504 0.050220 0.070313 0.037865 0.103719 0.074613 14.5226 1.02172 
1660   -20498.6    261.5899375 57 121 0.056928 0.121572 0.040471 0.071044 0.158928 0.108492 0.076445 17.9594 0.984617 
1680   -20611.6            inf 5 16 0.097853 0.139568 0.114688 0.041369 0.125721 0.090262 0.053066 31.7695 0.982303 
1700     -20680    63.63675394 45 13 0.043479 0.074049 0.035669 0.053166 0.056318 0.133430 0.029354 9.1335 1.01166 
1720   -20898.4            inf 116 23 0.032775 0.153462 0.132727 0.064678 0.069859 0.148745 0.053744 43.3571 0.962441 
1740   -20598.5    742.1963754 55 68 0.073389 0.070419 0.069526 0.118185 0.078181 0.015826 0.079207 18.8707 0.980213 
1760     -20946    -130.702736 101 91 0.088162 0.118208 0.025588 0.099251 0.088613 0.075249 0.086113 40.2011 0.965547 
1780   -20776.5    349.9167789 14 76 0.052439 0.096413 0.149660 0.059418 0.096737 0.063239 0.037939 15.2477 0.991367 
1800   -20919.2   -85.05822065 25 84 0.033881 0.057996 0.054308 0.093006 0.116976 0.052025 0.191369 18.697 0.957377 
1820     -20646    35.67317942 88 88 0.114579 0.115812 0.120878 0.024688 0.084892 0.107761 0.135157 13.8522 0.992396 
1840   -20970.6   -320.7473261 92 1 0.055152 0.130854 0.021813 0.130178 0.099548 0.089792 0.049205 14.1853 0.978346 
1860   -20931.3   -250.8985729 125 65 0.043701 0.091504 0.083764 0.062806 0.115314 0.091633 0.112992 13.5335 0.97975 
1880   -20646.9    305.4547061 110 112 0.024461 0.070811 0.134000 0.087259 0.081222 0.082210 0.107427 21.4918 0.99003 
1900   -20531.2            inf 15 73 0.099767 0.056549 0.120044 0.074470 0.074861 0.055149 0.143377 27.026 1.00037 
1920   -20707.8    124.3421062 36 105 0.112247 0.095428 0.054987 0.074388 0.089539 0.104204 0.077170 31.1995 0.947174 
1940   -20917.7     472.785991 22 100 0.049389 0.094148 0.102063 0.122393 0.093456 0.141056 0.094181 19.3446 0.967007 
1960       -inf            nan 109 10 0.029516 0.006725 0.078650 0.134573 0.105477 0.076218 0.044160 21.1845 0.962461 
1980   -20609.9    11.11885004 0 75 0.100521 0.123059 0.045160 0.078487 0.106035 0.044158 0.071701 26.4926 0.990802 
2000   -20848.9            inf 49 48 0.076034 0.156129 0.136822 0.063920 0.071261 0.094650 0.121775 24.3162 1.00725 
2020   -20761.4    430.9308261 91 43 0.114592 0.061194 0.049291 0.079431 0.085906 0.022041 0.052261 13.2236 1.00841 
2040   -20595.7    923.6560064 12 104 0.039778 0.039112 0.061574 0.082762 0.072552 0.103818 0.092416 23.1149 1.02111 
2060   -20528.3    39.13776038 35 94 0.020207 0.105048 0.044273 0.128796 0.047156 0.124338 0.111463 27.4749 0.99133 
2080   -21251.9   -3.373553714 11 28 0.079374 0.114680 0.027473 0.061547 0.100516 0.057523 0.136145 25.3017 1.03059 
2100   -21517.8   -344.4723414 19 73 0.071103 0.092497 0.077763 0.072455 0.143992 0.036303 0.007935 0.609899 1.05813 
2120   -20835.7   -185.9895948 99 85 0.021674 0.039550 0.091437 0.083470 0.047631 0.107358 0.124870 17.2229 0.964498 
2140   -20945.6   -119.2709376 18 119 0.078277 0.154238 0.089682 0.049708 0.100777 0.069159 0.016598 0.622336 1.02306 
2160   -21122.5    631.1738495 48 118 0.108400 0.025162 0.050404 0.020606 0.085642 0.034265 0.135031 6.6722 0.993207 
2180   -20902.5   -73.55153016 1 67 0.015591 0.083252 0.037888 0.054368 0.056471 0.025373 0.034959 8.15345 1.01767 
2200   -20867.5   -204.6713871 18 37 0.060695 0.040634 0.059607 0.100745 0.084416 0.061584 0.042645 3.87383 1.01506 
2220   -20653.5    34.04583487 117 19 0.103379 0.063960 0.063422 0.067908 0.153995 0.113284 0.096833 27.4354 0.96937 
2240   -21055.3    -218.563261 6 126 0.100654 0.071230 0.016236 0.099451 0.026815 0.043148 0.055558 7.66629 1.00957 
2260   -20885.6    325.7873432 68 111 0.052929 0.081476 0.092952 0.065159 0.050329 0.085652 0.063558 5.25009 1.00866 
2280   -20966.3   -370.6177767 26 49 0.016995 0.075452 0.118616 0.077474 0.085213 0.063577 0.072934 2.01825 0.955667 
2300   -21373.5    -380.654708 100 99 0.036635 0.081359 0.109244 0.100727 0.068289 0.067024 0.110632 1.47471 1.0062 
2320     -20651    516.9660436 10 54 0.105362 0.053834 0.050113 0.074428 0.093700 0.159698 0.045632 0.545881 1.00609 
2340   -21238.5   -202.0795024 112 73 0.094444 0.065315 0.027498 0.074803 0.015307 0.038387 0.116023 8.7736 0.960933 
2360   -20719.6       215.8327 14 43 0.098641 0.057217 0.048912 0.115778 0.068169 0.047373 0.096165 14.6614 1.03742 
2380   -21086.1   -435.6418858 92 0 0.069522 0.080316 0.066963 0.108092 0.051075 0.077110 0.063758 19.142 0.959332 
2400   -21829.3   -570.2383053 110 59 0.059947 0.079528 0.056805 0.072350 0.088043 0.062003 0.060011 14.4738 1.01801 
2420   -21442.1   -527.0839609 10 21 0.066556 0.068977 0.048523 0.082369 0.026068 0.055641 0.048608 3.47561 1.03904 
2440   -20945.9    191.5743034 36 81 0.077991 0.106849 0.131887 0.018362 0.133642 0.076968 0.092105 0.321204 1.05375 
2460     -20630    938.4797287 116 98 0.031223 0.095408 0.065615 0.022698 0.090555 0.038600 0.045336 4.6012 1.0319 
2480   -21311.8    148.6332168 30 108 0.056335 0.010793 0.082719 0.036291 0.075633 0.118341 0.101150 1.62724 1.01949 
2500   -20748.7    563.4583079 38 76 0.121534 0.047668 0.083088 0.075530 0.136227 0.036193 0.030619 0.669631 1.026 
2520   -20867.9   -167.4436335 51 35 0.089025 0.096082 0.093326 0.081812 0.024478 0.082529 0.095197 1.53411 1.05023 
2540   -20709.8    239.7490768 21 46 0.076625 0.074101 0.089488 0.057184 0.077336 0.062411 0.061491 0.479917 1.05632 
2560   -21171.8   -95.22558477 40 93 0.142683 0.060405 0.087257 0.054029 0.109610 0.117686 0.085384 3.33521 0.981222 
2580   -21036.1   -56.92998593 105 7 0.088025 0.089640 0.042837 0.061360 0.042008 0.072835 0.064429 1.88259 1.00641 
2600   -21469.4   -460.2629726 111 73 0.087269 0.071829 0.067329 0.067605 0.094397 0.118837 0.059137 0.485931 1.0578 
2620   -20723.3    204.6037643 30 15 0.027203 0.132186 0.144041 0.022506 0.097665 0.057357 0.116206 11.6967 1.00607 
2640   -20800.5            inf 6 2 0.046397 0.121191 0.043471 0.107570 0.080828 0.100449 0.058191 3.89136 1.04498 
2660   -20909.6   -118.4393657 10 119 0.014094 0.056413 0.124375 0.148215 0.030958 0.047141 0.107576 13.0461 0.994018 
2680   -21202.6   -283.8221469 19 87 0.092309 0.046854 0.066299 0.143691 0.078964 0.037408 0.052350 2.43229 0.977767 
2700   -20778.9    497.9937582 80 57 0.100241 0.024649 0.062575 0.047977 0.043697 0.059753 0.095475 7.26401 1.03789 
2720   -20817.4    704.6173776 72 79 0.112218 0.044232 0.125032 0.092788 0.090324 0.028207 0.141558 4.62613 1.06951 
2740   -21160.7   -336.6392975 20 56 0.071334 0.103536 0.042336 0.059400 0.036893 0.038969 0.025256 5.87006 0.978029 
2760   -20888.7    191.6869865 56 15 0.044691 0.062203 0.073708 0.101858 0.072934 0.084732 0.103239 0.720639 1.01012 
2780     -20699    351.1436996 25 118 0.071719 0.049532 0.144112 0.081541 0.066284 0.051479 0.067842 0.0947333 0.990391 
2800   -21135.2   -416.8893414 76 115 0.106580 0.066335 0.072164 0.028424 0.087765 0.053723 0.127864 2.69566 1.00975 
2820       -inf           -inf 101 83 0.027913 0.103143 0.022654 0.055975 0.070003 0.134451 0.064642 2.28347 1.0141 
2840   -21260.9   -548.5696199 116 7 0.071684 0.012690 0.042869 0.061261 0.030810 0.070240 0.066183 2.14094 1.07107 
2860   -20599.2    715.4551537 0 107 0.079923 0.116816 0.101582 0.081700 0.142292 0.031257 0.050743 9.02769 1.01918 
2880   -21771.7   -1031.518796 10 94 0.006993 0.098426 0.089450 0.060069 0.073992 0.056196 0.122138 19.979 0.977 
2900       -inf            nan 60 69 0.041555 0.049511 0.079557 0.070917 0.056660 0.054478 0.079711 10.4365 1.02695 
2920   -21141.4    324.1531146 33 64 0.066991 0.037284 0.016914 0.031914 0.168572 0.018589 0.083938 15.63 0.982578 
2940   -20276.7    910.7316183 85 11 0.055825 0.049362 0.056667 0.039581 0.109751 0.021153 0.063645 12.6913 1.06806 
2960     -20823    86.37570183 46 90 0.026688 0.033997 0.068231 0.045199 0.127722 0.036360 0.086070 14.5172 0.976301 
2980   -20729.3    12.51091743 2 35 0.147722 0.078843 0.056928 0.008775 0.027662 0.045814 0.076751 11.4473 1.00068 
3000   -20588.6    311.9325959 36 12 0.125638 0.078508 0.085882 0.103330 0.052933 0.122913 0.109936 6.25492 0.97636 
3020     -20824    370.2065866 101 70 0.072229 0.006992 0.104396 0.058158 0.033461 0.145172 0.026936 9.42311 1.02243 
3040   -20545.9   -103.7055897 44 36 0.033422 0.079331 0.048792 0.036913 0.034512 0.066892 0.050091 7.78532 0.968544 
3060       -inf           -inf 104 116 0.080793 0.075331 0.053771 0.057337 0.072987 0.082907 0.120518 11.0153 1.05703 
3080       -inf           -inf 109 126 0.050342 0.156121 0.057171 0.125847 0.089942 0.044385 0.079615 10.796 0.985509 
3100     -21487   -363.7964009 2 88 0.136869 0.042963 0.042462 0.073251 0.084813 0.034838 0.114825 13.5915 0.969351 
3120   -21513.5    -929.894547 42 28 0.077927 0.020162 0.056885 0.114897 0.028819 0.059453 0.100785 19.4823 1.05062 
3140       -inf           -inf 122 0 0.097411 0.087310 0.072283 0.059763 0.074885 0.039177 0.046871 22.2038 0.901844 
3160   -21043.4    377.3149331 126 17 0.044583 0.142385 0.048294 0.131495 0.062676 0.082833 0.094475 41.9056 0.973722 
3180   -21262.1    521.6377967 28 83 0.052382 0.098270 0.093310 0.050835 0.062365 0.009274 0.028728 23.4857 0.958318 
3200   -21107.8    598.0073503 66 80 0.048871 0.062688 0.120205 0.060160 0.047722 0.073498 0.106144 9.84747 0.958345 
3220   -21044.4    159.4903931 21 12 0.061992 0.072270 0.049096 0.030029 0.045901 0.048527 0.034049 3.78526 0.991883 
3240       -inf           -inf 34 59 0.093593 0.026108 0.108831 0.037388 0.103913 0.052753 0.028135 4.79398 1.06819 
3260   -21310.4            inf 19 84 0.125100 0.083925 0.059056 0.026577 0.069957 0.111560 0.080340 4.57279 1.0269 
3280     -21157   -232.8331874 33 30 0.071946 0.080472 0.059459 0.127906 0.090873 0.064860 0.136490 2.3436 1.02347 
3300   -21109.1    93.15147654 111 61 0.057303 0.070889 0.030872 0.096773 0.104184 0.111522 0.119989 4.08474 1.05364 
3320   -20717.8   -25.88799731 28 0 0.036193 0.032485 0.040630 0.110725 0.083144 0.085188 0.058770 14.1714 1.05422 
3340   -20667.8    745.5202163 18 38 0.119032 0.051159 0.123456 0.090043 0.077335 0.118797 0.066342 9.60855 0.925943 
3360   -20762.9    -117.922061 44 92 0.035386 0.063893 0.119387 0.109127 0.089997 0.078122 0.066021 12.6478 0.992329 
3380   -20630.1    150.9077689 62 3 0.080578 0.059425 0.063696 0.052592 0.179678 0.061599 0.047101 27.177 1.01735 
3400   -20913.4   -271.5670547 84 120 0.048547 0.052179 0.064196 0.045019 0.007945 0.029461 0.096629 33.0227 0.949247 
3420   -20956.8    -253.334717 30 6 0.030166 0.042018 0.108091 0.061073 0.055075 0.070433 0.099451 25.6273 0.938043 
3440   -21546.6    49.70849722 46 15 0.021061 0.085258 0.024419 0.059671 0.070301 0.087940 0.065257 22.0088 1.0374 
3460   -20576.3    523.3319338 113 71 0.054053 0.098893 0.042283 0.080504 0.047393 0.053465 0.088708 9.36716 1.02837 
3480   -20696.6    266.0766725 126 74 0.034995 0.025345 0.096871 0.034076 0.117622 0.056795 0.095859 9.72443 0.978905 
3500   -21060.8   -375.2426679 41 29 0.050858 0.112744 0.033295 0.121173 0.020020 0.084547 0.068438 17.5759 0.97353 
3520       -inf           -inf 104 70 0.018457 0.012534 0.047354 0.064457 0.045515 0.132359 0.135538 20.6454 1.02713 
3540       -inf           -inf 55 78 0.098042 0.051183 0.079564 0.039475 0.081923 0.049366 0.063119 17.5464 1.03387 
3560   -20984.6            inf 42 19 0.083907 0.112227 0.107920 0.077059 0.071984 0.080154 0.091781 17.6355 1.02126 
3580   -20764.1    46.85342423 16 72 0.100045 0.077357 0.089616 0.075441 0.129207 0.088985 0.083696 21.3955 1.0104 
3600   -20865.9    -117.127768 2 84 0.051599 0.063088 0.068740 0.108798 0.103925 0.058797 0.083055 19.0308 1.00947 