#
# Code will run in posterior sampling mode.
#
# A scale parameter will be fit to the bkg model.
#
# The total number of Gibbs draws is 3600, every 20th draws will be saved.
#
# The model will be fit using the Multi Scale Prior.
#
# The data matrix is 128 by 128.
#
# The data file should contain a  2^7 by 2^7 matrix of counts.
#
# Starting Values for the smoothing parameter (alpha):
# Aggregation Level:  0,   alpha: 0.03 (Full Data)
# Aggregation Level:  1,   alpha: 0.04
# Aggregation Level:  2,   alpha: 0.05
# Aggregation Level:  3,   alpha: 0.06
# Aggregation Level:  4,   alpha: 0.07
# Aggregation Level:  5,   alpha: 0.08
# Aggregation Level:  6,   alpha: 0.09  (In the 2x2 table)
#
# The prior distribution on the total count from the multiscale component is
# Gamma(1.000000, 0.050000).
#
# The hyper-prior smoothing parameter (kappa 2) is 1000.
#
iteration logPost stepSize cycleSpinRow cycleSpinCol smoothingParam0 smoothingParam1 smoothingParam2 smoothingParam3 smoothingParam4 smoothingParam5 smoothingParam6 expectedMSCounts bkgScale 
20   -20355.6            inf 38 17 0.062601 0.042706 0.107914 0.144289 0.214057 0.101595 0.088078 246.059 0.741097 
40   -20493.5    208.0501061 119 106 0.064069 0.055166 0.053764 0.068044 0.141025 0.132768 0.070737 42.6408 0.916679 
60   -21150.3   -460.8610902 59 103 0.018545 0.102133 0.070268 0.070852 0.103059 0.039837 0.074731 19.6074 0.93365 
80   -20655.1            inf 45 56 0.077620 0.064977 0.075339 0.058367 0.081215 0.078447 0.094078 11.8809 0.973735 
100       -inf           -inf 43 17 0.123821 0.058092 0.035300 0.050319 0.002604 0.088431 0.045240 3.73336 0.986226 
120   -20867.3            inf 21 79 0.078088 0.034375 0.011407 0.102065 0.056105 0.132391 0.109852 9.82626 1.01932 
140   -20613.1    94.52863519 51 46 0.055983 0.072551 0.132465 0.103405 0.136007 0.088497 0.025041 6.97868 0.996671 
160   -20915.7   -377.8598454 115 47 0.110677 0.043189 0.058013 0.143367 0.060828 0.072696 0.061574 8.97854 0.92867 
180   -21286.1   -579.6490291 13 84 0.016531 0.068358 0.049189 0.076471 0.062564 0.068084 0.100277 3.57554 0.958419 
200   -20619.2     20.6443023 33 59 0.065310 0.100807 0.054228 0.074031 0.053845 0.017044 0.025088 10.1563 0.991602 
220   -20857.4    195.9243793 13 87 0.054609 0.007150 0.083667 0.054831 0.090346 0.086487 0.124474 8.59392 1.00786 
240     -20706    423.0748125 51 29 0.095816 0.046921 0.099751 0.095956 0.009421 0.090216 0.070528 0.11673 0.965073 
260   -21219.9    109.1980573 65 70 0.102968 0.093963 0.139454 0.097195 0.045859 0.087201 0.057105 9.62774 0.969149 
280       -inf           -inf 13 99 0.110752 0.131607 0.049674 0.061011 0.073492 0.061650 0.022135 0.0629442 0.986911 
300     -20348    355.1927844 101 26 0.044356 0.066536 0.021074 0.111059 0.082827 0.039418 0.072615 16.8419 1.00746 
320       -inf           -inf 28 33 0.071351 0.042989 0.041787 0.121470 0.064267 0.031591 0.084072 23.6668 0.97091 
340     -20892    662.7572972 87 110 0.121971 0.115694 0.063806 0.042260 0.035491 0.057407 0.058066 1.38208 0.960127 
360   -20593.9    1004.483575 80 109 0.080228 0.070232 0.128346 0.060052 0.098248 0.082111 0.167160 11.9543 0.982641 
380   -21733.2   -886.9791752 2 59 0.049806 0.058532 0.100981 0.076437 0.067284 0.117800 0.084989 18.5092 0.948137 
400   -20730.7    428.6369387 17 77 0.124378 0.115959 0.080551 0.135560 0.062917 0.057799 0.062463 8.74916 0.94674 
420       -inf           -inf 29 11 0.087202 0.062238 0.012362 0.013572 0.078716 0.122343 0.059465 6.14892 0.99894 
440   -20905.4    519.5134596 23 11 0.141327 0.039352 0.063710 0.059775 0.075312 0.046090 0.051815 4.58647 1.00323 
460   -21026.8    662.5920299 114 81 0.090062 0.067583 0.047062 0.113504 0.022149 0.012064 0.085546 9.97012 1.00414 
480   -20833.3   -52.29167226 9 24 0.060174 0.018104 0.042285 0.066370 0.039033 0.106981 0.074852 4.97213 0.951205 
500   -20898.1    154.2996192 69 20 0.056209 0.040143 0.060281 0.120400 0.040087 0.078670 0.095187 2.28197 0.985409 
520     -20799    409.5939644 18 121 0.076797 0.064593 0.023902 0.105133 0.102858 0.076777 0.132583 1.05518 1.01449 
540   -21237.2   -504.9174574 64 111 0.018622 0.039682 0.123069 0.069863 0.053873 0.049189 0.131744 6.87168 0.981534 
560   -21626.8   -843.5794247 13 73 0.037294 0.076974 0.062541 0.072541 0.092129 0.044922 0.048922 6.88009 1.00413 
580   -21121.1    435.4214193 5 1 0.052401 0.037225 0.056780 0.094584 0.105279 0.040731 0.070921 0.513925 0.958697 
600   -20810.1    95.29733705 13 16 0.072028 0.090897 0.112106 0.138307 0.025378 0.068387 0.117444 0.193073 0.950464 
620   -20898.4   -245.7410388 50 122 0.065426 0.099455 0.103176 0.105915 0.127792 0.071457 0.091594 2.96718 1.01285 
640   -20521.5    549.7355964 7 36 0.061447 0.121723 0.089215 0.063857 0.114008 0.018691 0.060237 0.781055 0.958919 
660   -21372.7    -395.597804 119 111 0.088541 0.083910 0.074568 0.035080 0.079084 0.055742 0.064703 3.60749 0.957763 
680       -inf           -inf 2 112 0.106959 0.047462 0.118023 0.121036 0.041585 0.072929 0.014445 12.2541 0.926032 
700   -21097.3   -229.4934711 84 10 0.024337 0.098443 0.060424 0.074859 0.027643 0.053813 0.097554 4.42491 1.00964 
720       -inf           -inf 73 109 0.074196 0.034165 0.076551 0.099397 0.116440 0.039840 0.020194 11.6892 1.00261 
740   -21237.9   -475.5356071 64 12 0.074507 0.078953 0.147352 0.071945 0.111633 0.108904 0.066458 13.88 0.952097 
760     -21027   -136.5950213 71 96 0.078275 0.051706 0.033876 0.086857 0.067807 0.050726 0.091198 4.06941 0.92374 
780     -20834    4.303699782 109 59 0.010592 0.147292 0.020427 0.113810 0.087212 0.060147 0.074409 0.289543 1.01828 
800       -inf           -inf 10 6 0.023567 0.031390 0.045660 0.049142 0.168949 0.181237 0.088990 5.01269 1.00339 
820   -20531.7    294.5027264 35 98 0.075869 0.008042 0.056862 0.086459 0.098019 0.090547 0.045496 12.3827 0.949336 
840   -21279.7    180.5596698 106 76 0.022996 0.056548 0.036730 0.028511 0.089794 0.079847 0.095503 5.3291 0.995528 
860       -inf           -inf 38 26 0.039176 0.087413 0.100365 0.004951 0.121113 0.055889 0.061531 7.27831 0.979942 
880   -21218.4      -392.0826 90 54 0.079012 0.059980 0.108050 0.014955 0.066380 0.089214 0.103653 2.53652 0.972043 
900   -20528.4            inf 5 91 0.016537 0.051169 0.083645 0.050714 0.069098 0.117088 0.125537 8.46352 0.956944 
920   -21052.1   -330.8378333 81 104 0.041888 0.045640 0.113462 0.136683 0.060207 0.033887 0.040415 2.33689 0.976588 
940   -20951.9   -240.3987415 13 7 0.075547 0.087321 0.070722 0.138754 0.053124 0.065108 0.065682 2.12264 1.01049 
960   -20748.1    96.85595609 17 73 0.088762 0.114246 0.008406 0.085895 0.075960 0.098592 0.107749 10.1695 0.981518 
980   -20786.6    441.1531442 78 25 0.093320 0.078001 0.073807 0.062700 0.009766 0.071595 0.041370 4.6109 0.974242 
1000   -21045.4   -228.7486852 117 48 0.061359 0.056124 0.072859 0.127822 0.094250 0.025288 0.039918 18.6572 0.992216 
1020     -21299   -577.1779475 126 24 0.093287 0.096173 0.098125 0.080512 0.066822 0.097401 0.124154 6.04377 1.01605 
1040   -20948.3   -549.6581527 0 74 0.096617 0.119632 0.045512 0.089216 0.108458 0.052761 0.072096 2.40592 1.01908 
1060   -20948.2   -161.4048509 22 64 0.096636 0.139987 0.056885 0.122755 0.015373 0.077108 0.113255 1.46905 0.971789 
1080   -21115.4   -31.35796379 116 114 0.054607 0.060753 0.048979 0.088112 0.075024 0.109960 0.109375 23.2615 0.953233 
1100   -21238.5   -511.4361094 88 87 0.157352 0.088309 0.129388 0.053562 0.098198 0.018153 0.050207 6.20386 1.01604 
1120   -21108.5   -617.6583408 77 38 0.064554 0.065382 0.115437 0.113130 0.116244 0.082894 0.081861 2.51282 0.975238 
1140   -20714.4            inf 113 1 0.069242 0.060048 0.101043 0.117045 0.040818 0.073213 0.044888 0.602105 0.978812 
1160   -21272.3    187.2097018 55 109 0.086665 0.094081 0.090065 0.070177 0.037445 0.138183 0.102165 2.85729 1.00986 
1180   -21221.5            inf 75 58 0.119164 0.033438 0.041221 0.116502 0.088285 0.109212 0.106553 4.44049 0.961538 
1200   -21048.2   -93.22259176 56 83 0.079950 0.070577 0.005853 0.003243 0.076924 0.085249 0.080152 0.109404 0.960266 
1220   -20611.2    970.4202843 72 46 0.030652 0.125233 0.140548 0.028343 0.058160 0.117643 0.051647 4.09978 0.980351 
1240   -20501.7    92.26134357 96 93 0.014237 0.122430 0.076717 0.086496 0.120116 0.038829 0.090231 15.7573 0.991847 
1260   -21005.3   -640.3427663 94 127 0.093197 0.080942 0.096236 0.096130 0.026056 0.034170 0.093707 7.37126 0.976936 
1280   -21287.9   -277.3564488 118 65 0.040104 0.028846 0.098691 0.088950 0.101342 0.031520 0.089059 9.23906 0.989431 
1300   -20903.8   -93.43056205 69 58 0.122928 0.071200 0.074132 0.076074 0.063727 0.035749 0.046888 0.968711 1.0146 
1320   -20718.2   -36.37662607 3 9 0.121781 0.028744 0.111876 0.073826 0.025190 0.121169 0.048474 2.30666 0.971723 
1340   -21236.5    -356.347686 79 91 0.015617 0.081610 0.122874 0.097158 0.084326 0.005017 0.014355 3.28926 0.974759 
1360   -21443.6    -522.071351 25 10 0.022437 0.064022 0.157143 0.081978 0.024243 0.034651 0.097020 7.00806 0.980794 
1380   -20345.1    305.1446228 2 90 0.054450 0.038801 0.084156 0.072297 0.020213 0.069641 0.068751 8.1109 0.987673 
1400   -20725.1   -175.2139987 42 73 0.071535 0.148448 0.029855 0.042987 0.071826 0.114735 0.089461 7.64459 0.93909 
1420   -20860.7   -263.4354874 6 24 0.166302 0.031402 0.061116 0.068768 0.085691 0.113783 0.079276 5.4428 0.96585 
1440   -21603.1   -918.2645408 30 47 0.054964 0.082946 0.079398 0.060241 0.080571 0.112422 0.086116 29.4026 0.984343 
1460   -20445.5    724.9339218 63 91 0.044373 0.012061 0.121189 0.076971 0.059334 0.018203 0.074528 5.8817 0.91485 
1480   -21139.2   -389.1058027 71 16 0.092716 0.075819 0.112447 0.019540 0.020352 0.011938 0.079108 6.57017 0.98299 
1500   -20788.7    370.8681286 19 54 0.101521 0.061198 0.134966 0.044387 0.112004 0.066977 0.117587 6.96401 0.975757 
1520   -20759.4   -198.9970047 126 120 0.050161 0.037933 0.084824 0.053665 0.010502 0.109726 0.068310 0.456349 0.969999 
1540   -20864.1   -408.6284453 0 22 0.061300 0.086397 0.098186 0.057302 0.109808 0.015341 0.057744 11.9036 1.00972 
1560   -20655.3    699.2645824 83 73 0.116926 0.044302 0.090511 0.103312 0.083640 0.102859 0.081292 1.28765 0.984367 
1580   -21268.5   -292.3001724 52 26 0.042629 0.067910 0.091348 0.031269 0.019487 0.036201 0.128837 8.43313 0.999169 
1600   -21216.5   -204.6631085 31 57 0.056360 0.081836 0.021069 0.074801 0.069406 0.056511 0.091241 2.15804 1.0192 
1620       -inf           -inf 49 27 0.126083 0.075912 0.027163 0.091149 0.114101 0.087268 0.124273 12.4779 1.00391 
1640   -20839.8   -138.4284234 124 108 0.035847 0.023797 0.050893 0.042824 0.011357 0.082659 0.109202 7.02862 0.978549 
1660   -21444.1    -544.913636 109 5 0.040078 0.048330 0.045468 0.086023 0.091671 0.053373 0.073354 0.676746 1.03098 
1680   -21182.7   -516.9421972 59 118 0.071050 0.090501 0.032105 0.113222 0.099970 0.017351 0.079579 3.94993 0.982322 
1700     -21268   -841.0724974 12 86 0.066030 0.086804 0.106058 0.134386 0.036513 0.075451 0.042549 4.72065 1.02026 
1720   -20768.6    825.9633548 93 2 0.042824 0.054496 0.059577 0.090071 0.082711 0.013653 0.066200 7.58535 1.06098 
1740   -20878.8   -205.0813698 91 79 0.032355 0.025649 0.057908 0.119680 0.026287 0.117574 0.045676 6.50991 0.945657 
1760   -20708.4    17.83919976 41 115 0.099687 0.083571 0.145643 0.070132 0.091113 0.093021 0.110169 12.5059 0.988412 
1780   -20978.9    -168.217474 91 39 0.079137 0.052516 0.124934 0.104201 0.096503 0.117029 0.083766 2.61672 0.966206 
1800   -21616.6   -551.6576452 107 38 0.104377 0.122188 0.096721 0.093585 0.095050 0.069320 0.100703 0.805544 0.943528 
1820   -21042.7    -286.871986 94 116 0.075770 0.058538 0.036666 0.065088 0.096922 0.069001 0.048768 0.510023 1.01978 
1840   -20970.6   -22.03497369 63 35 0.110946 0.091864 0.033284 0.103300 0.014995 0.049324 0.163304 5.27921 0.98196 
1860       -inf           -inf 86 103 0.066773 0.082531 0.009682 0.020756 0.085075 0.026561 0.121353 6.22912 0.958998 
1880     -20422    374.2221798 119 40 0.095040 0.094064 0.056334 0.056311 0.073221 0.021822 0.026340 6.09235 0.970227 
1900     -21609    -1034.88131 31 13 0.069755 0.047180 0.139346 0.111927 0.145697 0.047291 0.057622 1.73166 0.962267 
1920   -20559.8    1463.169876 3 0 0.041030 0.061949 0.062295 0.043074 0.027668 0.106466 0.046592 2.96909 0.945183 
1940   -21102.2   -467.1883982 5 90 0.096250 0.077675 0.044771 0.097968 0.018348 0.112133 0.088271 3.30542 0.971549 
1960   -20499.9    603.2740749 13 72 0.056836 0.043688 0.099679 0.073163 0.084900 0.070338 0.153547 2.77881 1.00462 
1980   -20507.8    161.8530254 7 110 0.047651 0.087869 0.085818 0.072232 0.046544 0.101602 0.075564 1.66454 1.04345 
2000   -20744.8     89.1210077 59 122 0.053530 0.100261 0.074170 0.058024 0.099071 0.153515 0.042532 3.22298 0.965176 
2020       -inf           -inf 56 123 0.058240 0.076570 0.018899 0.067615 0.105877 0.106420 0.094056 1.71403 0.958119 
2040   -20878.2   -61.90085559 24 119 0.023627 0.044597 0.105689 0.040776 0.021822 0.043714 0.097945 3.5542 1.00146 
2060   -21116.8   -137.0200035 22 95 0.126391 0.054328 0.080641 0.018890 0.048396 0.086108 0.080680 1.36705 0.996529 
2080     -21043    290.0104933 1 2 0.088824 0.090564 0.078948 0.085304 0.053080 0.038025 0.009197 1.27398 0.985176 
2100   -20647.3   -184.5293603 122 70 0.081830 0.059571 0.039886 0.048395 0.050802 0.085180 0.112427 1.88503 0.968412 
2120   -20457.3   -78.65344983 56 101 0.014312 0.105608 0.066253 0.083140 0.058261 0.080864 0.098031 0.890409 0.960204 
2140   -20813.3   -471.5278397 42 113 0.098699 0.031508 0.060140 0.039397 0.023350 0.023335 0.128803 1.74865 0.987345 
2160   -21421.9   -867.7699572 58 5 0.062887 0.114721 0.016955 0.058234 0.068779 0.080312 0.040064 1.479 0.986846 
2180   -20663.9    -43.7601399 80 15 0.112985 0.070307 0.082602 0.034130 0.047644 0.058632 0.089089 4.86227 0.987529 
2200   -20596.9    422.3600657 73 11 0.027887 0.078802 0.095857 0.041434 0.095930 0.097204 0.065181 6.67641 0.975519 
2220   -21025.2    869.5969538 39 92 0.153285 0.047459 0.019062 0.015767 0.064838 0.053002 0.073600 5.59472 0.992371 
2240   -21019.2   -603.8363159 91 52 0.043179 0.110954 0.068770 0.020115 0.007898 0.077826 0.043958 7.47964 0.922975 
2260   -20741.9    267.9460335 82 5 0.030540 0.085600 0.038945 0.071056 0.078930 0.115908 0.132756 2.0995 1.00979 
2280   -20995.9   -322.6214425 42 71 0.009584 0.054040 0.058016 0.081335 0.108368 0.040488 0.113952 5.57498 0.952871 
2300   -20372.6   -58.04435878 31 59 0.015905 0.120561 0.072833 0.084764 0.031451 0.112115 0.066320 16.2466 0.970159 
2320   -20798.6   -4.436748527 40 46 0.051633 0.093626 0.100298 0.067125 0.036175 0.036958 0.031879 1.61362 0.94876 
2340   -21172.5   -777.9799277 28 39 0.075461 0.047257 0.134034 0.082170 0.043483 0.050973 0.112065 6.6584 0.968096 
2360       -inf           -inf 114 14 0.073907 0.060339 0.064594 0.067553 0.072455 0.109158 0.062948 2.72503 0.966406 
2380   -21766.1   -673.5267301 45 121 0.021798 0.104029 0.037908 0.121319 0.088576 0.059515 0.106751 2.18039 0.933648 
2400   -21216.5    251.2642037 89 25 0.103590 0.081039 0.070570 0.107287 0.052739 0.081237 0.066561 6.17875 0.988789 
2420       -inf           -inf 5 127 0.057141 0.036896 0.063015 0.069382 0.068380 0.132868 0.148549 5.01495 0.980316 
2440   -21337.6    278.3543293 56 109 0.039169 0.106070 0.094702 0.060807 0.083974 0.066996 0.096532 11.7778 0.941353 
2460   -20968.8            inf 12 21 0.085557 0.033572 0.063129 0.043248 0.100039 0.112969 0.099483 2.61386 0.997652 
2480   -20564.3    171.5656399 53 112 0.052881 0.023691 0.072289 0.099478 0.089445 0.063978 0.094386 5.41226 1.02593 
2500     -20617     380.339333 90 120 0.093551 0.073282 0.060303 0.070615 0.103889 0.124657 0.017749 5.43741 0.968576 
2520   -21246.8   -823.6251432 113 118 0.081546 0.078332 0.096606 0.032520 0.044857 0.067981 0.125723 0.247875 1.04056 
2540   -20455.5    340.2353027 105 123 0.070734 0.154651 0.091603 0.071190 0.020502 0.127312 0.126387 2.23115 0.967947 
2560   -20646.8    42.37613077 22 98 0.103543 0.077596 0.027089 0.054095 0.087440 0.093985 0.056630 15.9555 0.977414 
2580   -20784.5   -157.0326026 68 28 0.092400 0.027052 0.087464 0.074737 0.060885 0.083992 0.034648 3.38267 0.991806 
2600   -20984.1    265.3506123 107 79 0.086735 0.063985 0.107580 0.026523 0.110615 0.112402 0.140890 13.869 0.956253 
2620   -21203.5   -795.8670127 52 78 0.059480 0.042978 0.056650 0.101398 0.061791 0.060216 0.131962 13.3996 0.967051 
2640   -21623.7    58.82562809 86 43 0.054474 0.111537 0.063588 0.123812 0.096403 0.095284 0.042484 4.88343 1.01366 
2660   -21087.8    557.7224907 59 98 0.071058 0.013357 0.073496 0.123170 0.082920 0.068600 0.105465 8.77981 0.965227 
2680   -20668.8    224.9040843 34 115 0.047875 0.079139 0.036069 0.118083 0.049081 0.077992 0.097116 4.24765 1.02247 
2700   -20555.7    220.5949522 57 13 0.065298 0.063763 0.091022 0.038358 0.064830 0.070629 0.037639 0.408099 0.990281 
2720   -20846.6   -130.3607735 19 68 0.020041 0.138840 0.088407 0.069998 0.060275 0.080572 0.117576 8.59926 0.943078 
2740       -inf            nan 10 51 0.034989 0.049477 0.080863 0.098602 0.113727 0.042301 0.079157 8.20987 0.963434 
2760       -inf           -inf 105 12 0.087349 0.056208 0.033883 0.063690 0.057190 0.044370 0.047784 0.0611377 0.997097 
2780   -21532.6   -621.1325842 58 62 0.059018 0.010331 0.049026 0.086401 0.111454 0.113014 0.042309 12.6359 0.973122 
2800   -20885.3   -87.51196715 78 11 0.053274 0.032083 0.121851 0.023059 0.102086 0.060157 0.079276 2.42666 0.951495 
2820   -20684.7    338.8026647 38 42 0.080296 0.062627 0.095334 0.050133 0.012502 0.128760 0.074769 7.54763 1.00199 
2840       -inf           -inf 73 33 0.064098 0.068423 0.046775 0.093063 0.051401 0.044958 0.049395 3.13867 0.981881 
2860   -21033.8   -132.5521624 4 55 0.107092 0.082503 0.013721 0.048279 0.091578 0.040568 0.062003 1.23852 0.962972 
2880   -21457.5   -893.8042709 12 110 0.139467 0.114512 0.091907 0.057409 0.091661 0.084745 0.048676 3.55044 1.00688 
2900       -inf           -inf 35 97 0.056564 0.106934 0.056258 0.137306 0.136606 0.009280 0.047398 2.71501 0.956364 
2920   -20505.3    61.65418897 16 71 0.069599 0.130880 0.065099 0.087165 0.069674 0.049353 0.055447 8.88324 0.968699 
2940   -20852.4    334.8510997 67 123 0.066359 0.111513 0.143133 0.102475 0.053941 0.097075 0.113703 5.51913 0.987677 
2960   -20734.4    95.60624892 2 38 0.090428 0.055111 0.081560 0.101547 0.042276 0.078635 0.087997 11.2244 0.96418 
2980   -20495.7    472.4582946 113 29 0.098433 0.025907 0.078901 0.130199 0.021178 0.011109 0.125948 21.4009 0.979484 
3000     -20626   -82.79580082 1 72 0.059270 0.088285 0.091309 0.054692 0.043517 0.031561 0.092077 3.73649 0.958129 
3020   -20815.1    172.4188439 44 110 0.052511 0.056664 0.070001 0.053986 0.038078 0.059790 0.061994 16.2322 0.951755 
3040   -21444.9   -762.7993645 85 55 0.123873 0.040557 0.078162 0.085143 0.037573 0.118918 0.110241 12.9453 0.989751 
3060   -20655.1    710.8201023 70 14 0.087183 0.082827 0.101991 0.051344 0.043892 0.057897 0.098670 3.78816 1.02947 
3080   -21408.6   -165.6345691 43 106 0.024807 0.081982 0.060335 0.076380 0.077274 0.022134 0.077510 1.36924 0.993431 
3100   -21470.7   -719.1621154 77 119 0.029771 0.026965 0.095176 0.035919 0.028425 0.064766 0.078748 8.65433 1.0416 
3120   -20502.5    521.0478169 3 84 0.057160 0.078865 0.126055 0.053448 0.063203 0.141664 0.054200 0.287126 0.959841 
3140   -21215.7   -676.5711252 110 5 0.016150 0.111216 0.118277 0.116409 0.017323 0.083042 0.101108 1.3421 0.988593 
3160   -21292.5   -609.5955176 103 106 0.084581 0.065683 0.111425 0.077879 0.070116 0.093557 0.063548 1.11798 0.983134 
3180   -20640.4   -17.75204998 112 121 0.051780 0.080616 0.044862 0.021592 0.104873 0.021988 0.152513 7.95586 0.954529 
3200   -21178.5    -176.471775 64 73 0.096899 0.042099 0.042558 0.111774 0.112437 0.093476 0.083565 7.33776 1.06714 
3220   -20684.1    392.8017354 91 82 0.085453 0.032232 0.028488 0.064046 0.048095 0.115904 0.061784 2.18045 0.989882 
3240       -inf           -inf 122 87 0.034914 0.090048 0.148798 0.150113 0.065403 0.043369 0.091665 9.17873 1.01423 
3260   -20363.2    682.8360825 117 125 0.047212 0.042791 0.106313 0.084986 0.074220 0.105516 0.094830 2.41294 0.970843 
3280   -20751.9    324.8069271 103 62 0.067663 0.038524 0.080531 0.067758 0.105900 0.058550 0.074505 5.24993 1.00442 
3300   -21105.7   -495.8684123 16 108 0.089262 0.121438 0.085641 0.056329 0.041393 0.092320 0.073218 3.432 1.00518 
3320     -20739   -370.0357866 4 87 0.097668 0.073654 0.103979 0.073030 0.127061 0.050057 0.063154 1.88085 1.0307 
3340   -21375.7   -539.7218129 3 72 0.045874 0.123147 0.069126 0.058785 0.055841 0.094538 0.101340 1.40418 0.991814 
3360     -21333   -548.5473909 66 120 0.128982 0.068787 0.029171 0.084013 0.059093 0.049172 0.040313 9.08884 0.974231 
3380   -21066.4    -207.823641 49 80 0.154548 0.098822 0.092377 0.142474 0.031392 0.061730 0.031544 0.429494 0.962514 
3400   -20911.3    1062.140828 99 15 0.059277 0.103846 0.106607 0.100205 0.106314 0.072526 0.096805 1.55125 0.989823 
3420   -21129.9   -120.5169609 111 109 0.025703 0.137923 0.146139 0.101100 0.045577 0.052455 0.024619 7.63157 0.947977 
3440   -20840.4    602.8714522 39 80 0.109165 0.067007 0.090192 0.034793 0.090806 0.136651 0.110779 0.571679 0.972516 
3460   -21255.8   -225.2534084 92 19 0.057106 0.042063 0.068443 0.047261 0.020510 0.051278 0.112956 8.10943 0.982983 
3480   -20860.8   -204.4907014 50 2 0.044210 0.069700 0.101618 0.140541 0.074543 0.083229 0.082161 12.2428 0.959539 
3500     -20633    202.1440445 73 21 0.086640 0.022051 0.115445 0.069038 0.033888 0.109013 0.103079 6.74815 1.02519 
3520     -20922    72.26486995 98 11 0.090478 0.072922 0.081266 0.046306 0.067516 0.132934 0.081763 7.1013 0.925523 
3540   -21197.4   -670.4172614 32 36 0.008532 0.078083 0.064190 0.115817 0.126073 0.003389 0.054620 3.8221 1.00173 
3560       -inf           -inf 31 106 0.058912 0.075264 0.188980 0.083081 0.026260 0.039158 0.040710 7.58491 0.944286 
3580   -21016.5   -6.335768879 22 58 0.024494 0.085422 0.130460 0.145354 0.087158 0.026561 0.081927 15.1118 1.05639 
3600     -20618    94.00741238 79 98 0.118604 0.098102 0.106840 0.041981 0.032156 0.153264 0.040040 3.43873 1.03179 