#
# Code will run in posterior sampling mode.
#
# A scale parameter will be fit to the bkg model.
#
# The total number of Gibbs draws is 900, every 5th draws will be saved.
#
# The model will be fit using the Multi Scale Prior.
#
# The data matrix is 128 by 128.
#
# The data file should contain a  2^7 by 2^7 matrix of counts.
#
# Starting Values for the smoothing parameter (alpha):
# Aggregation Level:  0,   alpha: 0.03 (Full Data)
# Aggregation Level:  1,   alpha: 0.04
# Aggregation Level:  2,   alpha: 0.05
# Aggregation Level:  3,   alpha: 0.06
# Aggregation Level:  4,   alpha: 0.07
# Aggregation Level:  5,   alpha: 0.08
# Aggregation Level:  6,   alpha: 0.09  (In the 2x2 table)
#
# The prior distribution on the total count from the multiscale component is
# Gamma(1.000000, 0.050000).
#
# The hyper-prior smoothing parameter (kappa 2) is 1000.
#
iteration logPost stepSize cycleSpinRow cycleSpinCol smoothingParam0 smoothingParam1 smoothingParam2 smoothingParam3 smoothingParam4 smoothingParam5 smoothingParam6 expectedMSCounts bkgScale 
5     -22942   -687.4745002 0 94 0.263829 0.317068 0.359861 0.342986 0.240788 0.122308 0.110538 874.099 0.19059 
10   -22440.3   -796.7772157 47 7 0.177451 0.224377 0.274730 0.306340 0.243757 0.139099 0.137674 560.531 0.441179 
15     -21950   -864.0653479 13 54 0.105552 0.204043 0.237837 0.261753 0.240308 0.165077 0.116312 323.049 0.655438 
20   -21381.7    -106.348298 104 89 0.117211 0.125940 0.153606 0.185826 0.220570 0.114716 0.161296 179.896 0.808425 
25   -20903.3    497.3903588 43 12 0.055313 0.036021 0.143193 0.182310 0.179846 0.159391 0.075156 104.5 0.920851 
30     -20738    -13.3365154 112 33 0.024770 0.077707 0.040440 0.133586 0.166175 0.130367 0.093939 61.8991 0.89864 
35   -20405.1    375.0800518 113 116 0.035901 0.106542 0.019516 0.058405 0.174563 0.144270 0.074156 55.2869 0.922513 
40   -20587.2    185.2680163 61 91 0.029308 0.078159 0.061590 0.106698 0.176062 0.093924 0.098203 46.2671 0.922466 
45   -20749.2   -293.5525401 120 64 0.081500 0.003277 0.086893 0.086319 0.103009 0.148989 0.133534 31.836 0.995137 
50     -21133    21.51838062 29 34 0.054221 0.066815 0.116820 0.094516 0.142425 0.059649 0.074725 38.1311 0.94797 
55   -21332.1   -679.8019166 34 15 0.044931 0.055435 0.042798 0.125280 0.146781 0.098484 0.109215 20.0048 1.00792 
60   -20778.3   -56.32336173 70 0 0.059651 0.015090 0.124915 0.062760 0.106726 0.102654 0.127036 22.0896 0.966086 
65   -20970.3   -224.9875646 91 66 0.136767 0.186625 0.053018 0.064826 0.089748 0.092798 0.121020 25.0976 0.991552 
70   -20526.9    400.3245662 43 32 0.071223 0.092691 0.089949 0.086252 0.082597 0.049373 0.083877 12.657 0.987492 
75   -20621.8    456.3086491 48 42 0.083825 0.038471 0.077031 0.057015 0.132564 0.115373 0.106822 24.2291 1.00127 
80   -21304.5   -683.9985415 31 15 0.103912 0.048772 0.094920 0.065169 0.038747 0.122190 0.111248 10.4817 0.931347 
85   -21287.7   -741.1442419 13 2 0.082845 0.066942 0.068607 0.139585 0.107413 0.052958 0.111735 17.7347 1.01232 
90     -21616   -823.1546824 4 72 0.019016 0.010067 0.023421 0.079039 0.069102 0.099520 0.094775 9.75376 0.960418 
95   -21160.4   -464.7324411 29 98 0.068092 0.079958 0.091294 0.064688 0.044289 0.023229 0.102096 16.5072 0.993479 
100   -20991.3   -447.0098223 20 88 0.095904 0.104519 0.130935 0.104732 0.079579 0.085656 0.056495 10.4368 0.974806 
105   -21840.4   -762.0343483 113 33 0.112868 0.112596 0.061714 0.100639 0.106976 0.099219 0.119214 10.2651 0.967939 
110   -20321.2    698.7448512 93 121 0.022647 0.086400 0.099728 0.069691 0.047084 0.046665 0.098980 11.579 0.9897 
115   -20900.2    237.2779969 90 99 0.120030 0.052544 0.118583 0.056518 0.047596 0.027194 0.098574 6.73001 0.922584 
120   -21141.2   -407.5754591 107 8 0.066222 0.107779 0.024236 0.085696 0.039118 0.071444 0.070389 6.7949 0.987041 
125   -21055.4   -232.1468065 87 121 0.092287 0.040226 0.011216 0.079391 0.051204 0.126761 0.025257 7.98333 0.958655 
130   -21146.5    719.8578596 51 10 0.038181 0.043914 0.101179 0.071239 0.028694 0.058829 0.028051 5.30591 1.00604 
135   -21203.7   -316.2250681 25 45 0.094589 0.079082 0.023571 0.112450 0.089768 0.087453 0.118825 9.14001 0.984203 
140   -20751.7   -407.0941842 121 28 0.061707 0.070087 0.036917 0.096090 0.162865 0.123741 0.129691 6.88528 0.942355 
145   -21205.7    663.4697112 69 27 0.083557 0.024333 0.043625 0.068645 0.027422 0.053579 0.098269 7.61278 0.96513 
150   -20774.8    42.58948611 41 16 0.021761 0.049816 0.111443 0.037508 0.132166 0.034650 0.117918 5.88835 0.955234 
155   -20809.8   -56.96561659 54 94 0.007198 0.073624 0.104099 0.123790 0.005956 0.062628 0.120041 7.79809 0.974672 
160   -20851.5   -288.8786799 52 45 0.031643 0.052881 0.032131 0.065922 0.088003 0.096554 0.041484 2.13845 1.00219 
165   -21039.4   -541.7947221 25 93 0.029468 0.064646 0.056040 0.064607 0.153334 0.110259 0.159997 5.92747 1.00485 
170   -20651.4    158.6413573 2 64 0.103939 0.024889 0.065382 0.038357 0.155487 0.023698 0.041724 9.90795 0.937361 
175   -20860.3    196.3916233 70 61 0.134746 0.028637 0.069683 0.104997 0.026667 0.122894 0.120791 7.56961 1.0058 
180   -20782.8   -196.9720193 13 37 0.040893 0.096233 0.034946 0.099169 0.118711 0.108645 0.038574 2.94699 1.0093 
185   -20712.9    664.5666097 56 74 0.072234 0.135797 0.086088 0.059902 0.017261 0.136760 0.089893 6.51782 0.990844 
190     -21095   -296.0782913 122 71 0.060653 0.061617 0.062482 0.082880 0.086163 0.040213 0.145496 4.53379 0.968589 
195   -20621.1    558.0446269 46 86 0.037617 0.054615 0.118400 0.094377 0.133843 0.068809 0.168489 3.44512 0.932227 
200     -21344    187.4269641 24 74 0.091005 0.085898 0.074237 0.046947 0.096536 0.079460 0.122035 1.67369 0.996093 
205       -inf           -inf 83 99 0.119542 0.069764 0.078204 0.061577 0.023851 0.090113 0.071055 2.69375 0.979133 
210   -21231.4    234.7841325 96 66 0.072609 0.029983 0.054838 0.075869 0.085670 0.028209 0.069782 4.05162 0.925141 
215   -20979.9    3.508437509 81 82 0.093909 0.049271 0.033637 0.046676 0.050603 0.112249 0.061187 1.31495 0.984093 
220     -20484    539.8040057 95 55 0.054124 0.081433 0.065257 0.094265 0.058444 0.016748 0.059961 0.284536 0.91837 
225   -21169.7   -533.7312366 105 126 0.054482 0.128904 0.058822 0.070554 0.052958 0.138700 0.067846 2.59908 1.023 
230   -20478.9    240.0559883 65 95 0.048640 0.105993 0.054264 0.037539 0.021382 0.058816 0.074670 7.34346 0.982946 
235   -20642.3      154.00098 18 95 0.094929 0.160564 0.032138 0.079513 0.043193 0.101333 0.050909 0.407309 0.925575 
240   -20646.6      48.901218 22 16 0.107567 0.055109 0.032939 0.054648 0.069190 0.084518 0.100410 5.64345 0.941439 
245     -20640    335.7555633 20 57 0.119696 0.073337 0.009451 0.047624 0.154965 0.112314 0.026914 3.43503 0.947795 
250   -21016.6    -159.615016 110 76 0.070558 0.068079 0.111135 0.094624 0.027309 0.027380 0.108200 1.11998 1.01651 
255   -20719.2    497.5536842 16 26 0.076607 0.099516 0.034872 0.037007 0.061290 0.033568 0.051182 1.22168 0.999351 
260       -inf           -inf 85 56 0.085991 0.051632 0.028996 0.050963 0.099475 0.086883 0.072024 2.28987 1.05006 
265   -21025.1   -160.2170462 111 0 0.063312 0.141385 0.066671 0.055611 0.080153 0.040211 0.027772 1.06015 0.982154 
270   -21169.4   -373.7864027 88 78 0.052922 0.068714 0.035084 0.045318 0.043346 0.093761 0.085808 2.91207 1.01815 
275   -21017.1   -12.22755917 71 117 0.033296 0.109649 0.044374 0.047450 0.065160 0.109130 0.096548 8.47668 0.976564 
280       -inf           -inf 37 83 0.057722 0.122695 0.060862 0.067033 0.044973 0.052482 0.020093 2.91212 0.968753 
285   -21078.8   -335.0434406 10 59 0.120385 0.096339 0.105039 0.108193 0.103931 0.039019 0.054948 3.42206 1.00708 
290   -21177.5   -303.2676608 107 42 0.018574 0.126905 0.069854 0.072815 0.142608 0.048988 0.111631 4.56269 0.988844 
295   -21209.5   -286.2602171 54 71 0.058515 0.075275 0.085118 0.028233 0.096762 0.045325 0.064296 0.701769 1.00086 
300   -20975.7   -370.4612673 125 58 0.083063 0.011106 0.074324 0.077808 0.136291 0.104055 0.063343 2.69438 1.03578 
305   -21194.6   -452.0100334 120 17 0.032087 0.124878 0.073852 0.114197 0.059343 0.037632 0.042676 1.74944 0.983982 
310   -21215.6   -502.2541317 111 117 0.053370 0.010757 0.043692 0.077926 0.145270 0.054304 0.034230 0.312805 1.02492 
315   -20681.5    209.7294877 52 22 0.088891 0.039262 0.112795 0.048675 0.163295 0.122339 0.070845 0.516001 0.935721 
320       -inf           -inf 121 9 0.119806 0.079729 0.060821 0.042063 0.151707 0.089601 0.023884 3.22053 0.992453 
325   -21185.5   -411.5404613 60 87 0.059242 0.092791 0.093294 0.077052 0.080514 0.042249 0.031882 2.87309 1.03642 
330   -20777.8   -80.13267915 94 41 0.054198 0.028974 0.046652 0.084989 0.085737 0.083769 0.080844 2.9405 0.926899 
335   -21049.3   -283.9460424 6 0 0.073959 0.101183 0.082233 0.041947 0.030181 0.142771 0.132473 6.8826 0.981664 
340   -20484.1    531.2232528 58 27 0.125290 0.039264 0.070907 0.098679 0.103306 0.114916 0.055410 3.16692 1.00312 
345   -20990.8   -18.25213644 65 33 0.122811 0.013097 0.019718 0.088174 0.053091 0.039230 0.098628 2.8406 1.00276 
350   -20866.5   -104.3829481 121 94 0.057847 0.085662 0.063024 0.068604 0.120940 0.081710 0.053909 3.071 1.03907 
355   -21409.9   -1022.623742 87 91 0.037649 0.084989 0.077789 0.111264 0.034517 0.099402 0.048953 7.27838 0.992418 
360   -20927.4   -317.2252092 10 0 0.016274 0.062086 0.027917 0.084810 0.064513 0.048410 0.100907 1.35969 1.00111 
365   -20303.4    640.1352867 53 61 0.161643 0.060279 0.135532 0.077703 0.141757 0.038368 0.139654 2.50011 1.02729 
370   -20588.4    864.3794254 108 0 0.096771 0.038148 0.055366 0.039646 0.097781 0.041759 0.103449 2.83994 0.975436 
375   -20601.5    1423.337908 16 115 0.125252 0.109009 0.075136 0.096876 0.096919 0.050535 0.106173 6.12174 0.982748 
380   -21231.2   -566.6517001 37 5 0.071885 0.091873 0.115059 0.069518 0.140251 0.115932 0.028834 3.1468 0.998145 
385   -21269.4    693.2294288 49 95 0.066966 0.031333 0.010990 0.096903 0.058532 0.130043 0.156976 2.72644 0.97293 
390   -20489.7    598.6738453 11 34 0.057794 0.024185 0.034035 0.003509 0.143176 0.093609 0.051193 0.610699 0.971088 
395   -21280.6            inf 42 104 0.018504 0.100269 0.154573 0.113269 0.082637 0.061807 0.102218 2.97836 0.974299 
400   -20893.8     584.980692 75 94 0.077976 0.030355 0.074571 0.042200 0.028118 0.060347 0.057612 0.651889 1.0694 
405   -21160.1            inf 4 60 0.018724 0.078613 0.109324 0.117016 0.058586 0.098275 0.110003 3.63602 0.994927 
410   -21363.6    -419.012957 91 58 0.082736 0.036925 0.121629 0.018876 0.041744 0.079663 0.144634 3.21158 1.0054 
415   -20786.7    258.8925244 65 122 0.050914 0.122383 0.064275 0.107382 0.054560 0.056958 0.052837 1.72129 0.975214 
420   -21108.3            inf 69 9 0.042604 0.081924 0.046875 0.112097 0.054969 0.074454 0.149843 3.5237 0.9857 
425   -21099.6   -409.6169646 85 33 0.052697 0.040121 0.050659 0.015431 0.117376 0.059990 0.024366 6.87411 0.981057 
430   -20933.7   -11.15136853 77 78 0.055561 0.079478 0.065664 0.126906 0.053190 0.089115 0.061837 1.00416 0.99219 
435   -21026.5   -329.1895814 23 18 0.055189 0.142141 0.019174 0.055957 0.069486 0.030413 0.050687 0.153617 0.983178 
440   -20860.2    186.9376551 115 117 0.066692 0.116587 0.106634 0.010366 0.075349 0.063491 0.076411 1.86685 0.963223 
445   -20892.2    -411.591954 56 114 0.071598 0.032569 0.052565 0.066652 0.124185 0.091053 0.125728 1.85639 1.01904 
450   -20935.6   -165.3906188 25 93 0.092347 0.079109 0.066520 0.079125 0.105365 0.073353 0.103405 11.5786 1.0075 
455   -21305.7   -854.6808561 109 104 0.034644 0.118378 0.089750 0.081836 0.151664 0.107034 0.059984 10.1085 0.968553 
460   -20446.5    187.5740042 4 32 0.103619 0.084381 0.039013 0.071197 0.034524 0.052053 0.071244 6.01164 1.00185 
465       -inf           -inf 117 120 0.093742 0.132031 0.017922 0.069744 0.157265 0.158715 0.042454 1.26239 0.95438 
470   -20624.2    690.3555334 13 9 0.022213 0.084822 0.089842 0.016202 0.050939 0.019300 0.104059 0.301798 1.02108 
475     -20983            inf 77 22 0.091123 0.035645 0.087334 0.104047 0.071404 0.071045 0.049038 2.10747 1.02184 
480   -21196.8   -214.0411878 22 92 0.169544 0.103491 0.131060 0.039101 0.030566 0.139095 0.065096 4.27891 0.999108 
485   -20943.4            inf 108 50 0.038022 0.055600 0.102728 0.035142 0.109668 0.036823 0.012561 2.9799 0.995289 
490   -20825.4   -157.5574573 24 110 0.075425 0.120926 0.103489 0.054571 0.036638 0.084990 0.066016 0.84216 1.04155 
495   -20809.6    710.0069998 54 108 0.075378 0.093211 0.075865 0.054685 0.120546 0.100188 0.030975 2.68589 0.964438 
500   -21193.3   -306.4774127 6 17 0.046175 0.024196 0.071532 0.049124 0.086315 0.054831 0.108588 2.33483 0.960723 
505     -20677   -197.7609712 60 77 0.090823 0.175729 0.023303 0.069281 0.129773 0.152970 0.050674 4.75338 1.00268 
510   -21349.7            inf 108 68 0.051524 0.071476 0.038869 0.131891 0.073457 0.069245 0.109373 0.125309 1.02153 
515   -20833.4    295.2491009 97 31 0.075130 0.096238 0.128019 0.097426 0.090265 0.080582 0.056446 4.33674 0.953642 
520   -20609.3    749.5114121 23 126 0.082540 0.102125 0.087146 0.159406 0.033818 0.045207 0.065610 1.66979 0.970656 
525       -inf           -inf 88 23 0.045416 0.055129 0.139206 0.073094 0.038550 0.066718 0.050383 1.57936 0.970381 
530   -20746.2    314.2331501 93 7 0.061019 0.090656 0.078402 0.062786 0.013422 0.023287 0.048462 5.54037 1.0456 
535     -20530    585.5103621 68 58 0.097775 0.045884 0.045657 0.083741 0.085952 0.103165 0.111858 1.54658 0.926218 
540     -20884   -439.8273876 68 99 0.093074 0.043278 0.113120 0.097080 0.105158 0.095766 0.086926 3.40805 1.00218 
545   -20693.4            inf 92 65 0.054859 0.043430 0.012532 0.073583 0.129839 0.050484 0.096058 1.09406 0.97063 
550   -21558.6   -745.8396888 35 110 0.046762 0.040434 0.074932 0.022668 0.090490 0.155849 0.084793 2.01341 1.00667 
555       -inf           -inf 104 124 0.065886 0.060090 0.040453 0.019923 0.054004 0.103718 0.043570 2.3574 1.04429 
560   -20841.7   -168.1221408 87 86 0.054430 0.066337 0.099793 0.027966 0.065201 0.027722 0.054257 2.20464 1.01171 
565   -20909.7    555.5220201 60 68 0.069075 0.036701 0.064892 0.067760 0.016897 0.037923 0.071854 6.14856 0.972326 
570   -21129.1   -523.2964543 41 115 0.031752 0.048963 0.022442 0.083241 0.031235 0.062784 0.053078 9.14842 0.95554 
575   -20788.7    209.7353917 99 103 0.069400 0.037495 0.129929 0.067186 0.042657 0.114174 0.067754 0.817299 1.08937 
580   -20791.7   -79.17907097 59 108 0.050186 0.054049 0.066904 0.047655 0.051219 0.053285 0.040755 0.39918 1.00572 
585     -20558    210.8888577 94 24 0.105284 0.059481 0.099879 0.045866 0.122452 0.088214 0.095963 0.890533 0.977346 
590   -21270.5   -662.3016437 99 27 0.058536 0.049876 0.098907 0.037491 0.064400 0.040370 0.090629 3.09933 0.967438 
595     -20634    711.6797364 8 74 0.078401 0.128785 0.125171 0.098365 0.099124 0.077814 0.051519 7.54547 0.910323 
600   -21066.8    252.2884521 62 36 0.047287 0.096163 0.090713 0.035662 0.099073 0.115507 0.035043 8.87449 0.969881 
605   -20611.7    245.0977657 111 12 0.023935 0.064283 0.059667 0.044903 0.025592 0.053628 0.049065 5.69442 0.94307 
610   -21231.6   -389.1649345 36 12 0.053119 0.167951 0.073789 0.080704 0.068892 0.051912 0.102604 7.08289 0.942287 
615   -20534.2    1177.336249 84 23 0.039030 0.121432 0.029919 0.151058 0.021741 0.105687 0.044955 6.4809 1.00208 
620     -21118   -354.9547268 12 24 0.100588 0.012364 0.088199 0.079462 0.102018 0.123268 0.062642 7.41487 0.994067 
625   -20834.8   -212.9531297 23 9 0.038708 0.110451 0.113861 0.070618 0.093686 0.092856 0.079639 8.79441 0.965997 
630   -20815.4   -281.8771582 46 118 0.069674 0.096103 0.068840 0.103730 0.048274 0.085230 0.042195 16.0494 1.01724 
635   -20840.5   -41.38124689 21 84 0.031445 0.071438 0.076068 0.040560 0.023434 0.059487 0.131356 7.63177 0.979986 
640   -21113.5   -279.4125364 19 97 0.047243 0.098643 0.102256 0.040290 0.036333 0.150547 0.088711 9.21161 0.966563 
645   -20688.1    18.12764047 47 23 0.038241 0.072304 0.086245 0.103075 0.131444 0.059651 0.097094 4.61213 1.03048 
650       -inf           -inf 70 92 0.052019 0.114566 0.109491 0.111791 0.050420 0.064632 0.085090 2.62796 1.0076 
655   -20977.3            inf 67 108 0.072838 0.024412 0.036117 0.083939 0.051471 0.085923 0.026514 5.39742 0.986818 
660   -20503.2    229.1455826 61 38 0.090685 0.060490 0.141889 0.095761 0.098962 0.045455 0.068057 4.8003 0.984731 
665   -20646.7    -15.4654269 20 47 0.032915 0.076054 0.072444 0.038352 0.040560 0.109942 0.112419 5.98378 0.986734 
670   -20532.6    1040.680205 100 56 0.004630 0.032469 0.135294 0.039782 0.090694 0.101419 0.104647 2.97115 0.941729 
675   -20698.8    1089.334132 67 75 0.113822 0.055845 0.095069 0.038390 0.030940 0.060942 0.091702 5.01143 0.977509 
680   -20901.2   -173.7978876 87 76 0.105069 0.038493 0.044016 0.123670 0.091018 0.015121 0.069339 3.06371 1.04329 
685     -20907   -113.3627688 103 18 0.050459 0.042892 0.091074 0.034125 0.079669 0.071036 0.019023 3.31581 0.995622 
690   -20768.4    714.7742997 95 115 0.063856 0.090885 0.091917 0.075184 0.109188 0.043975 0.073051 10.7897 0.985706 
695   -21688.9   -815.6873282 88 12 0.022103 0.106306 0.127363 0.101383 0.042222 0.144773 0.113743 3.36585 0.972647 
700   -20668.4     195.018314 47 66 0.054946 0.039118 0.026115 0.037516 0.088045 0.017234 0.099298 2.86268 0.960158 
705   -20961.7   -404.1889876 49 125 0.048391 0.091862 0.074044 0.086346 0.120160 0.085812 0.042080 4.58608 1.02583 
710   -21009.7   -83.18903973 8 71 0.015722 0.037435 0.130122 0.081191 0.068172 0.047500 0.030465 3.96371 0.957221 
715   -20972.2   -356.0139464 27 80 0.104636 0.103856 0.041405 0.122416 0.003115 0.077804 0.039052 2.23305 0.998348 
720   -21040.5   -163.2442755 110 69 0.140177 0.038158 0.062056 0.100704 0.020393 0.079099 0.080334 5.22528 1.00675 
725   -20771.9   -33.22723178 45 24 0.119325 0.073726 0.103074 0.076205 0.067733 0.077633 0.076567 9.98596 0.942099 
730   -20787.1   -34.89841388 74 76 0.129486 0.007721 0.160438 0.062018 0.118412 0.088676 0.111074 7.48148 0.970548 
735   -21099.9   -464.5676473 107 69 0.032971 0.089955 0.140899 0.100216 0.136830 0.029541 0.039886 8.01746 1.01531 
740   -20701.4   -78.75212211 55 113 0.033458 0.107841 0.118175 0.071642 0.038614 0.127586 0.138260 13.7841 0.962399 
745   -20691.4    25.18924742 54 74 0.111020 0.037381 0.056835 0.105555 0.047348 0.058867 0.114809 10.6975 1.00846 
750   -20277.4    415.4207625 88 36 0.036944 0.130879 0.133669 0.105150 0.142956 0.032659 0.084902 6.48493 0.994013 
755     -21091   -262.8661059 47 53 0.115810 0.070142 0.102972 0.072435 0.022967 0.115788 0.057031 6.11947 1.01575 
760   -21070.4   -465.1182338 95 123 0.070313 0.047171 0.073421 0.050450 0.072290 0.057074 0.093669 6.34909 0.975411 
765   -21038.6    97.99549727 13 37 0.069386 0.033486 0.077392 0.080825 0.060659 0.012146 0.059592 4.43055 1.03135 
770   -20747.2    -303.954732 29 119 0.122056 0.095865 0.134237 0.100892 0.063034 0.081948 0.120629 11.9617 0.996401 
775   -21221.6    -339.830513 122 115 0.051983 0.101332 0.044930 0.043033 0.081614 0.025665 0.061315 8.02958 0.97859 
780     -20573    113.2305346 51 81 0.016700 0.048073 0.054601 0.021968 0.138882 0.091676 0.074800 9.29102 1.03393 
785   -20601.5    191.4946242 122 49 0.026440 0.089266 0.062422 0.070151 0.084030 0.036069 0.026718 9.11491 1.02067 
790   -21044.3     -140.61947 108 45 0.082140 0.078309 0.090442 0.074775 0.102035 0.076907 0.052862 7.13918 0.991721 
795       -inf           -inf 43 23 0.087807 0.042619 0.115531 0.063967 0.071650 0.048491 0.149501 1.01547 1.00362 
800     -21505     -1073.2694 79 13 0.101331 0.021388 0.062256 0.109778 0.074204 0.097145 0.074829 4.31314 0.985755 
805   -21136.3   -365.4495981 127 115 0.084164 0.133502 0.084243 0.055086 0.034640 0.124388 0.066850 3.60566 1.06895 
810   -20945.2   -205.6567878 8 65 0.129929 0.040665 0.064833 0.031762 0.112813 0.092555 0.060165 11.9904 0.990886 
815   -20869.5            inf 38 54 0.049591 0.039138 0.080487 0.020086 0.059713 0.049789 0.122203 2.93092 0.975124 
820   -21174.3   -215.9674971 44 60 0.065016 0.084080 0.088255 0.018286 0.071140 0.091229 0.080417 5.55183 0.962425 
825     -21276   -691.1386792 30 31 0.102231 0.116172 0.012101 0.047628 0.058696 0.043414 0.071800 4.46281 1.00731 
830     -21549   -798.6676201 77 106 0.081071 0.099239 0.094745 0.117865 0.087439 0.067131 0.049710 2.63156 1.00112 
835     -20495     1029.09137 22 62 0.079362 0.060929 0.122088 0.041260 0.014598 0.129557 0.045515 0.976581 1.02762 
840   -21297.2   -167.6529849 74 109 0.063572 0.039351 0.070439 0.134363 0.051820 0.096058 0.142213 9.15844 0.968698 
845     -20806    77.17364232 117 79 0.106404 0.106119 0.133510 0.054932 0.114404 0.115400 0.125452 7.65825 0.942581 
850     -20487    1039.083361 91 51 0.079788 0.081423 0.052329 0.103180 0.030293 0.051574 0.049745 10.6021 0.926539 
855   -20723.4    271.3798067 8 116 0.012476 0.093485 0.122551 0.073053 0.051540 0.121047 0.049573 6.6954 0.990325 
860     -21139   -371.8052418 126 12 0.044446 0.101721 0.117654 0.054345 0.082723 0.046380 0.035329 4.34265 0.953247 
865   -20655.1    271.4017629 55 14 0.060014 0.042412 0.083946 0.137651 0.079310 0.066270 0.066417 8.25482 0.968861 
870   -22070.8   -685.4320883 84 77 0.052984 0.030434 0.050455 0.046788 0.049670 0.080523 0.086321 11.6152 1.00918 
875       -inf           -inf 37 36 0.034372 0.074427 0.070372 0.035653 0.047631 0.035514 0.115995 5.66476 1.02916 
880   -21698.9   -1310.277361 114 4 0.104124 0.052078 0.037565 0.032227 0.140104 0.129383 0.088030 9.18546 1.01071 
885     -20443    23.88667663 107 53 0.016079 0.028071 0.090251 0.015724 0.042102 0.030550 0.139098 6.10722 0.960463 
890   -20989.3    -400.642817 85 104 0.053252 0.046803 0.103385 0.061675 0.128300 0.121529 0.121194 3.27966 0.973327 
895   -21168.2   -617.1971902 73 25 0.078031 0.095053 0.051256 0.114140 0.123083 0.073224 0.100151 9.18074 1.03022 
900   -20424.7    443.8902061 93 87 0.110469 0.110414 0.094439 0.106406 0.060656 0.124932 0.035847 2.67576 0.97866 