#
# Code will run in posterior sampling mode.
#
# A scale parameter will be fit to the bkg model.
#
# The total number of Gibbs draws is 900, every 5th draws will be saved.
#
# The model will be fit using the Multi Scale Prior.
#
# The data matrix is 128 by 128.
#
# The data file should contain a  2^7 by 2^7 matrix of counts.
#
# Starting Values for the smoothing parameter (alpha):
# Aggregation Level:  0,   alpha: 0.003 (Full Data)
# Aggregation Level:  1,   alpha: 0.004
# Aggregation Level:  2,   alpha: 0.005
# Aggregation Level:  3,   alpha: 0.006
# Aggregation Level:  4,   alpha: 0.007
# Aggregation Level:  5,   alpha: 0.008
# Aggregation Level:  6,   alpha: 0.009  (In the 2x2 table)
#
# The prior distribution on the total count from the multiscale component is
# Gamma(1.000000, 0.050000).
#
# The hyper-prior smoothing parameter (kappa 2) is 1000.
#
iteration logPost stepSize cycleSpinRow cycleSpinCol smoothingParam0 smoothingParam1 smoothingParam2 smoothingParam3 smoothingParam4 smoothingParam5 smoothingParam6 expectedMSCounts bkgScale 
5     -20858            inf 87 11 0.088863 0.087287 0.151938 0.245622 0.007000 0.179027 0.080689 121.166 0.936784 
10   -21365.2   -109.1109542 4 57 0.049453 0.110823 0.083658 0.129078 0.162156 0.107091 0.137545 58.5747 0.916121 
15   -21030.1    279.5819355 60 27 0.053407 0.122891 0.038020 0.110451 0.152929 0.188961 0.156143 44.8222 1.01275 
20   -20589.4    333.9634468 33 105 0.064141 0.084680 0.090086 0.059018 0.093853 0.168128 0.116082 35.0635 0.968505 
25   -20877.5   -100.1732265 90 18 0.072066 0.102210 0.060934 0.049923 0.151199 0.125550 0.116484 29.353 1.0281 
30   -20802.3   -212.9806592 27 49 0.045489 0.088713 0.150753 0.089017 0.129374 0.150573 0.155805 21.6444 1.04802 
35   -20848.8   -40.25046791 118 97 0.024385 0.047572 0.036907 0.057458 0.195421 0.124214 0.109114 14.216 1.05279 
40     -20857   -397.4232096 14 124 0.017367 0.070438 0.027936 0.074586 0.074265 0.153582 0.106792 15.3424 1.08439 
45   -20622.1    338.9847001 79 122 0.078945 0.012533 0.068791 0.031283 0.075677 0.085011 0.061223 12.2873 1.07632 
50   -20910.9    664.3194099 57 119 0.066998 0.088029 0.068880 0.040875 0.008332 0.160306 0.087795 12.7539 1.02498 
55     -21062    772.9361058 29 85 0.045385 0.097479 0.132373 0.100773 0.080953 0.116301 0.076961 3.9044 1.05321 
60   -21080.8   -180.9809818 40 27 0.097837 0.122246 0.102199 0.069817 0.115116 0.147146 0.094003 14.8636 0.990393 
65   -21185.9   -630.0877019 20 22 0.074062 0.087904 0.095514 0.105080 0.070937 0.100792 0.078080 3.41773 1.00982 
70     -20826     306.012606 119 121 0.070516 0.037557 0.058615 0.080860 0.087672 0.074837 0.135293 6.87002 1.03725 
75   -20613.4    497.1721553 1 107 0.054293 0.091418 0.033057 0.019836 0.028007 0.048571 0.112836 8.44896 1.04944 
80   -20729.4    172.8267884 73 5 0.087115 0.091042 0.020718 0.063749 0.069341 0.046782 0.172532 8.34511 1.0148 
85   -20658.5    114.4794112 47 85 0.058595 0.074136 0.109064 0.093692 0.097401 0.122228 0.106655 4.24641 1.01254 
90   -20964.8   -23.22301634 81 115 0.022204 0.034326 0.098384 0.030223 0.066228 0.056618 0.104390 3.22295 1.02944 
95   -20494.6    334.2959096 60 41 0.127618 0.060558 0.188151 0.066678 0.147129 0.070387 0.017886 1.38812 1.05179 
100   -21601.2   -871.5725255 56 51 0.079157 0.052277 0.091339 0.015958 0.062558 0.109326 0.140797 3.40129 1.10096 
105   -21080.4    44.70396457 52 79 0.020340 0.097579 0.086082 0.015594 0.051042 0.123104 0.133231 3.55336 0.992551 
110   -21235.2    40.10161924 86 97 0.027186 0.098629 0.125812 0.066778 0.061613 0.054634 0.111885 9.36095 1.01368 
115       -inf           -inf 12 46 0.088917 0.036326 0.111199 0.095790 0.122855 0.053819 0.103658 7.99694 1.00176 
120       -inf           -inf 65 98 0.036321 0.046398 0.074607 0.062190 0.093066 0.027223 0.100868 4.94205 0.993355 
125   -21747.3   -888.9212467 99 17 0.051112 0.061162 0.048270 0.054787 0.037753 0.013235 0.068261 1.5908 1.0414 
130   -21273.6    333.7897574 112 40 0.021245 0.094639 0.090065 0.078701 0.130694 0.047637 0.123855 5.48775 1.02119 
135   -20691.1    287.8236043 123 66 0.091410 0.077320 0.054763 0.059472 0.115058 0.141156 0.044345 7.2955 1.0391 
140   -21239.8    141.6253431 13 56 0.045697 0.034900 0.054671 0.102129 0.045115 0.030356 0.114609 9.78066 0.986685 
145   -20737.3    32.55361669 88 27 0.114311 0.093089 0.060502 0.047808 0.106751 0.019200 0.081976 5.3835 1.04233 
150   -21011.3   -599.5402472 123 125 0.071739 0.076455 0.032645 0.088272 0.053477 0.085489 0.187990 3.69565 1.04753 
155   -20781.2    49.68786059 59 30 0.063956 0.105113 0.019172 0.108963 0.060377 0.076689 0.080484 15.0195 1.03749 
160   -21159.6            inf 53 4 0.059995 0.042579 0.127366 0.123117 0.002229 0.062411 0.116995 6.14002 1.03381 
165   -21374.4     549.814844 59 56 0.071225 0.085032 0.044766 0.067167 0.090139 0.104133 0.126269 9.68478 0.938808 
170   -20518.8    1132.380802 67 94 0.067501 0.079272 0.074156 0.025248 0.066542 0.091600 0.109804 15.6955 0.988484 
175   -20810.8    571.2056645 59 74 0.111139 0.105251 0.146629 0.012669 0.062493 0.077697 0.144417 16.3875 1.00182 
180   -21058.4   -254.1806645 99 31 0.090413 0.031428 0.092759 0.091269 0.101022 0.058871 0.107105 11.0627 1.02334 
185   -21282.4   -540.9980547 56 113 0.042168 0.126913 0.039196 0.052792 0.069964 0.047774 0.068684 8.93486 0.943481 
190   -21147.3    247.9909772 62 25 0.100204 0.108119 0.047725 0.085022 0.128728 0.080923 0.067011 4.97341 1.05657 
195   -20882.3    911.9889209 51 16 0.129679 0.062453 0.052862 0.071901 0.028099 0.032317 0.130414 7.97654 1.04375 
200   -21151.6            inf 7 66 0.081580 0.102435 0.072431 0.047993 0.097468 0.124260 0.059612 2.61958 1.06767 
205   -20964.6    -165.026702 78 122 0.117694 0.102657 0.052518 0.064954 0.110220 0.111606 0.054310 10.2888 1.00055 
210   -20652.3            inf 126 29 0.078551 0.070699 0.088021 0.086744 0.048516 0.081776 0.094774 3.49699 1.02833 
215   -20469.5    619.7109041 23 124 0.084533 0.048113 0.033220 0.019796 0.103661 0.065452 0.068008 4.05508 1.02624 
220   -20794.8    1088.754212 105 100 0.082595 0.140479 0.016489 0.097875 0.031286 0.079041 0.059189 2.07844 1.04704 
225   -20853.6   -48.84411975 58 70 0.042260 0.036904 0.027218 0.052142 0.090788 0.083434 0.074252 4.29442 1.04122 
230   -21115.1    -369.899641 99 123 0.062778 0.075111 0.089370 0.080894 0.055321 0.039095 0.101953 5.32425 1.03756 
235   -21093.2   -233.1686056 79 78 0.137510 0.039169 0.038323 0.100342 0.131172 0.027232 0.145909 7.3408 1.08664 
240   -20801.2    85.99703096 74 76 0.049890 0.083023 0.088313 0.112717 0.119206 0.055076 0.129434 6.74064 1.05736 
245   -21273.8   -395.2249944 14 75 0.110588 0.045215 0.080562 0.005722 0.068896 0.033036 0.095687 4.87301 1.03985 
250   -20613.7    892.9695614 23 6 0.076414 0.066798 0.061149 0.115101 0.010582 0.102165 0.065571 2.72784 1.03403 
255   -21291.2   -224.1777428 95 32 0.097235 0.013938 0.092507 0.037777 0.044697 0.081268 0.057471 1.62555 1.01272 
260   -21136.2    206.5091763 102 77 0.057603 0.142856 0.060508 0.066114 0.027950 0.066666 0.093461 3.4611 1.00823 
265   -21307.6   -181.9969925 30 18 0.036418 0.091381 0.043389 0.090036 0.078549 0.076924 0.060642 4.28817 0.986071 
270   -21283.6   -167.7120272 114 89 0.038924 0.055215 0.109951 0.053361 0.086679 0.086104 0.146287 3.59197 1.05578 
275   -20973.9    49.77101582 24 82 0.068845 0.062969 0.039911 0.059193 0.096738 0.013402 0.051846 3.72037 1.03819 
280   -21338.2   -441.6000126 13 116 0.107020 0.136008 0.040429 0.089250 0.079425 0.073254 0.053703 4.60622 1.03637 
285       -inf           -inf 31 64 0.118827 0.044869 0.137622 0.044902 0.078989 0.060627 0.086294 8.09834 1.00182 
290   -21089.9    180.9288831 98 62 0.043797 0.064596 0.020783 0.092508 0.058541 0.075179 0.112163 4.88425 1.0324 
295   -21534.5   -995.8050716 71 49 0.108812 0.053944 0.106037 0.013511 0.132211 0.040676 0.071141 3.21393 1.05454 
300     -20730    652.0531201 118 85 0.060698 0.033913 0.069418 0.094984 0.077058 0.137278 0.060635 5.09303 1.00807 
305     -20843            inf 74 103 0.049772 0.121018 0.073457 0.092335 0.093316 0.020794 0.060493 3.23337 1.03553 
310   -20859.8     157.713812 115 108 0.080126 0.060271 0.053929 0.089218 0.130916 0.088059 0.091379 4.33717 0.998164 
315     -20944     403.691657 5 43 0.009623 0.049773 0.064436 0.087904 0.090824 0.049908 0.026159 6.58358 1.04767 
320   -21291.2    409.4520976 31 20 0.102278 0.065871 0.081445 0.043709 0.021903 0.014202 0.101660 8.50179 1.01281 
325   -21534.8   -995.0640767 51 127 0.081199 0.067552 0.016237 0.077245 0.100332 0.007817 0.086990 13.9378 1.01686 
330   -20684.9    840.9427596 12 113 0.075133 0.055169 0.033923 0.054708 0.086686 0.092080 0.016834 7.76268 1.0101 
335   -20932.9   -127.9140436 99 44 0.068230 0.071778 0.088891 0.097788 0.132080 0.129669 0.101673 4.96571 1.06764 
340       -inf           -inf 27 7 0.070459 0.105593 0.074381 0.115231 0.092694 0.100204 0.079451 1.69015 0.954597 
345   -21106.6   -17.23737895 0 109 0.058591 0.035440 0.022812 0.088569 0.105806 0.044578 0.039848 2.75061 0.958418 
350   -20899.6   -6.226384483 35 81 0.042199 0.027472 0.099320 0.096436 0.078411 0.102687 0.067972 4.67872 1.01055 
355   -20693.3            inf 113 66 0.014870 0.057778 0.053754 0.070522 0.129341 0.134537 0.058701 4.20214 1.03984 
360   -20934.2   -218.6772545 33 116 0.069184 0.045319 0.118336 0.106742 0.123523 0.099299 0.128969 10.5825 1.03161 
365   -21539.8    -637.223201 15 16 0.101591 0.091843 0.066214 0.021212 0.038293 0.032903 0.171243 5.33887 1.02262 
370       -inf           -inf 125 109 0.052999 0.066394 0.013530 0.105280 0.083768 0.139871 0.124787 6.99825 1.01397 
375   -21126.7            inf 67 84 0.060019 0.036496 0.127212 0.012755 0.043777 0.106319 0.122683 6.59864 0.982448 
380   -20769.4    372.2640894 112 32 0.079906 0.055247 0.010177 0.076318 0.052627 0.108042 0.058538 7.02616 0.99046 
385   -20908.8    462.7250264 40 124 0.126987 0.106901 0.043816 0.063636 0.079096 0.068507 0.068827 2.46267 1.07922 
390   -20941.5    117.3809058 100 62 0.074235 0.092268 0.068365 0.064050 0.096388 0.114576 0.135142 4.02299 1.00651 
395   -21096.7   -497.7590842 98 125 0.108626 0.024856 0.135353 0.027422 0.084310 0.064042 0.104795 11.1266 1.01342 
400   -21168.4   -64.56522644 60 53 0.065127 0.054814 0.030689 0.009144 0.070578 0.035345 0.069276 2.61631 1.01662 
405   -20847.8    73.96011605 115 47 0.116955 0.048412 0.134351 0.064568 0.065559 0.076057 0.039238 3.63193 1.01456 
410   -20929.9    46.80334781 54 61 0.075458 0.027740 0.051846 0.080254 0.040008 0.111882 0.024740 2.25583 1.0545 
415       -inf           -inf 83 110 0.085889 0.134704 0.094166 0.142012 0.026161 0.125121 0.060585 8.67902 1.03092 
420   -20908.2    152.6676534 31 55 0.096314 0.056219 0.113241 0.070579 0.109081 0.066177 0.163588 2.43291 1.03988 
425   -21010.5   -148.3893731 25 55 0.098474 0.192827 0.106272 0.069102 0.064395 0.081300 0.040502 7.52679 1.01072 
430   -21088.5    15.82604597 2 64 0.088718 0.060117 0.069289 0.033060 0.091275 0.106345 0.085251 5.80078 1.06424 
435   -20543.9    500.0228801 70 66 0.074775 0.076905 0.084077 0.059105 0.055292 0.050317 0.018902 1.3133 0.993306 
440       -inf           -inf 16 76 0.073262 0.069640 0.088434 0.079240 0.031089 0.111959 0.081834 1.36846 1.01369 
445     -20614    15.41618721 31 104 0.132314 0.076761 0.049866 0.045192 0.080919 0.063860 0.050880 7.05795 1.0046 
450   -21090.9   -315.6599802 11 68 0.169290 0.072974 0.036114 0.097959 0.089895 0.024659 0.124371 4.8478 1.05041 
455   -20947.2    212.0829168 46 86 0.058847 0.084287 0.133743 0.031338 0.092201 0.051401 0.078191 5.43627 1.01004 
460   -20957.1            inf 0 107 0.030402 0.011246 0.029671 0.030443 0.019867 0.092384 0.058826 4.13429 1.02573 
465   -21068.3            inf 39 43 0.072009 0.080474 0.056824 0.053366 0.069117 0.079683 0.087631 3.28583 1.04558 
470       -inf            nan 114 120 0.056353 0.027573 0.044630 0.099531 0.019716 0.070476 0.070818 2.47734 1.06632 
475   -20724.7    133.2295346 48 42 0.113644 0.034709 0.055121 0.093723 0.144561 0.024219 0.029849 5.19773 0.995572 
480   -20921.9   -48.13497112 62 123 0.050256 0.032742 0.092925 0.018671 0.061017 0.086225 0.077625 3.1611 1.06758 
485   -20613.4    202.7386025 10 4 0.072985 0.066988 0.036309 0.056459 0.116839 0.128561 0.023874 6.83781 1.00741 
490   -21111.1            inf 38 92 0.073870 0.035992 0.053866 0.075710 0.044796 0.035007 0.037566 7.22554 1.00423 
495   -20722.4            inf 107 5 0.075159 0.077273 0.076519 0.117175 0.040004 0.015935 0.104652 4.36442 1.04698 
500       -inf           -inf 3 50 0.013533 0.067854 0.060030 0.035646 0.085118 0.064174 0.057270 4.30787 1.02247 
505     -20857   -19.59159876 57 25 0.070312 0.020698 0.066514 0.031975 0.101714 0.050996 0.105352 12.4779 1.01169 
510   -21121.2   -349.5262062 71 22 0.058391 0.028851 0.100986 0.060513 0.054477 0.104518 0.105576 5.4991 1.01985 
515   -20616.2     604.331052 92 112 0.068430 0.063594 0.147664 0.029893 0.068330 0.061253 0.072578 5.0228 1.01537 
520     -21184   -321.5618028 126 60 0.105711 0.059196 0.095004 0.069298 0.056890 0.045271 0.049839 6.26454 0.99972 
525   -21392.9   -513.0075767 113 24 0.075168 0.082776 0.057133 0.020149 0.084812 0.109835 0.065324 3.09575 1.04318 
530   -20763.9    507.9889729 20 57 0.081982 0.075354 0.056601 0.076547 0.068015 0.109495 0.108618 6.72529 1.09615 
535   -20897.7    379.1778492 7 29 0.095916 0.053984 0.023847 0.076922 0.089504 0.075280 0.130405 7.53985 0.98009 
540       -inf           -inf 37 110 0.015848 0.090802 0.073696 0.050981 0.052023 0.113935 0.112738 4.92618 1.027 
545     -21086   -287.2214421 60 54 0.084862 0.105374 0.102208 0.102266 0.029395 0.103910 0.055505 1.73062 0.997383 
550   -21269.4   -266.5609304 34 103 0.068657 0.063628 0.038439 0.072508 0.088601 0.037648 0.108792 3.41802 1.07178 
555   -21177.2   -342.8731308 73 19 0.037830 0.118055 0.075760 0.125407 0.108580 0.046091 0.037377 21.5015 0.984376 
560   -20929.9    222.9390396 88 29 0.068537 0.066950 0.043418 0.044215 0.095109 0.032233 0.116665 6.99796 1.08143 
565   -20704.3     201.047466 63 16 0.094451 0.043586 0.048102 0.115498 0.074918 0.060100 0.060316 3.4206 1.01439 
570   -21047.6    90.96281482 12 85 0.071917 0.059833 0.099558 0.089648 0.051795 0.022470 0.069878 6.15405 1.00085 
575   -21228.4   -303.5612486 26 120 0.019823 0.081257 0.030946 0.081006 0.037102 0.036128 0.063879 5.53437 1.02944 
580   -21256.8   -36.92062781 98 55 0.040269 0.131053 0.032372 0.107020 0.032529 0.112649 0.106086 4.29522 1.02307 
585   -20876.5    233.8038075 95 85 0.064516 0.096387 0.107031 0.034009 0.056558 0.083569 0.102506 6.76715 1.03488 
590   -20689.8    25.28280004 1 57 0.098182 0.043610 0.098175 0.089376 0.074156 0.062308 0.057270 0.77528 1.06622 
595   -21152.7    6.732168741 117 15 0.035271 0.033899 0.040979 0.124512 0.102000 0.135747 0.041411 1.76104 1.04453 
600       -inf           -inf 119 115 0.048208 0.162644 0.118404 0.074432 0.022198 0.008602 0.104697 1.3512 1.02947 
605   -21106.3   -182.9142064 59 113 0.083693 0.041890 0.093292 0.137553 0.028950 0.027967 0.083401 8.54113 1.06478 
610   -20448.2    733.1479075 2 84 0.032613 0.076723 0.079917 0.034413 0.133656 0.087820 0.109500 10.264 1.0156 
615   -20755.2    447.6048228 16 84 0.036147 0.014394 0.084720 0.136670 0.057765 0.056025 0.085733 9.38846 1.01743 
620   -20755.2     762.218678 88 37 0.018619 0.056588 0.087140 0.079066 0.062962 0.118225 0.043983 6.77715 0.99469 
625   -21124.8   -145.5422602 53 54 0.033753 0.060649 0.022829 0.081780 0.050605 0.109275 0.109358 6.11898 0.996803 
630   -20678.3     353.513278 122 36 0.026315 0.104366 0.062778 0.019187 0.081062 0.064114 0.136082 3.47606 1.04131 
635   -21018.1    202.2702336 122 26 0.145414 0.057642 0.019744 0.110433 0.100927 0.105823 0.086695 1.84208 1.04282 
640   -21058.4    -358.286403 25 29 0.101958 0.055229 0.097713 0.143071 0.047559 0.138846 0.087770 1.57427 1.04395 
645   -21007.5    411.2978811 124 11 0.075107 0.083448 0.100914 0.126484 0.059740 0.033138 0.093843 2.0259 1.0361 
650     -21101            inf 2 34 0.086605 0.045581 0.074603 0.057469 0.073988 0.079536 0.047276 5.81385 1.01876 
655   -20803.7    53.08840174 47 1 0.080016 0.081744 0.117752 0.023020 0.046286 0.034230 0.072410 5.86496 1.03082 
660     -20804    432.3196332 29 11 0.060658 0.079632 0.121319 0.004072 0.129553 0.100768 0.062342 2.46628 1.06179 
665   -20843.5    246.8854217 1 13 0.084003 0.011266 0.037631 0.104441 0.115537 0.078544 0.061220 2.98374 1.0275 
670   -21262.4    614.9497473 121 107 0.092573 0.050629 0.097807 0.079192 0.123004 0.035354 0.049342 1.79787 0.965037 
675   -20971.3    466.2215454 109 28 0.078097 0.092996 0.066495 0.126433 0.054125 0.095270 0.107662 4.74902 0.980238 
680   -21611.5   -230.0646656 79 68 0.060678 0.088424 0.080918 0.112227 0.075708 0.066232 0.170418 2.3214 1.08317 
685       -inf           -inf 112 56 0.107881 0.054487 0.032024 0.021347 0.058258 0.096981 0.117504 3.89928 0.977846 
690   -20722.8    208.4405405 33 38 0.075097 0.134984 0.044258 0.062915 0.009202 0.010210 0.092768 0.27598 1.04408 
695       -inf           -inf 56 46 0.105250 0.081145 0.115495 0.085109 0.089205 0.121782 0.095320 2.4157 1.02129 
700   -20867.8   -4.980787702 8 4 0.071698 0.061971 0.057228 0.093549 0.063723 0.046687 0.115230 0.262942 1.05331 
705   -21118.8   -79.16859448 123 88 0.095886 0.108024 0.027962 0.060244 0.121583 0.110467 0.141285 0.2495 1.0499 
710   -21167.8   -74.61623164 14 21 0.039559 0.062117 0.091513 0.065815 0.071879 0.117256 0.054884 1.97476 1.07784 
715   -21414.6    395.3861144 39 113 0.085733 0.059193 0.103628 0.017985 0.071868 0.144893 0.165265 1.29372 1.00566 
720   -20897.8    553.7390777 31 76 0.123981 0.092015 0.099985 0.097134 0.064259 0.073515 0.061849 1.22697 1.04473 
725     -21113   -128.4338325 102 91 0.048389 0.084819 0.081320 0.072513 0.093879 0.046191 0.102918 2.35297 1.08442 
730       -inf           -inf 126 47 0.017420 0.042223 0.179769 0.091225 0.098524 0.105206 0.101070 3.82564 0.999064 
735   -21487.1   -642.3491511 113 111 0.141049 0.081284 0.055938 0.069224 0.105989 0.073641 0.079510 0.942267 1.06933 
740   -21020.4    766.7208895 52 22 0.043939 0.066738 0.035489 0.083483 0.088511 0.097788 0.103833 2.44847 1.03288 
745   -20749.2    414.3904153 100 28 0.057909 0.039075 0.076445 0.022104 0.053202 0.042883 0.188862 2.71341 1.02415 
750   -20534.4    448.5527861 76 30 0.085799 0.078473 0.052515 0.104216 0.095673 0.064438 0.113791 3.07855 1.04927 
755   -21012.9   -305.8386356 11 98 0.073760 0.049931 0.056619 0.055839 0.103413 0.028277 0.108363 1.19413 0.966968 
760   -21025.2    237.3684479 22 25 0.071758 0.089653 0.047378 0.088182 0.093253 0.021105 0.158857 0.442372 1.0234 
765   -20916.4    694.8941609 82 48 0.096695 0.091667 0.082281 0.020123 0.051804 0.058481 0.076471 0.958962 1.05613 
770       -inf           -inf 47 4 0.054942 0.053981 0.071668 0.071442 0.114700 0.067567 0.052346 1.28391 1.05473 
775   -20783.3    447.7498396 1 127 0.077527 0.135142 0.141571 0.022714 0.080912 0.037916 0.081607 0.00592311 0.999619 
780   -20875.5    484.0851804 85 77 0.021800 0.064643 0.066715 0.053107 0.015513 0.065542 0.087894 0.524697 1.01564 
785       -inf           -inf 45 120 0.078576 0.130870 0.104515 0.054847 0.018141 0.092563 0.018674 2.0663 1.05582 
790   -21359.6    10.36501196 49 29 0.114505 0.059896 0.079920 0.150665 0.084908 0.076981 0.090093 1.31268 0.989309 
795   -20724.6    250.1541323 67 33 0.064326 0.056741 0.069066 0.017791 0.033064 0.093058 0.028681 2.62684 1.03733 
800   -21424.2   -522.3000749 18 116 0.045748 0.073594 0.056028 0.073114 0.014274 0.090606 0.028984 0.949568 1.07082 
805   -21123.4   -244.1072016 74 47 0.121341 0.083474 0.100700 0.078317 0.047367 0.064056 0.043010 0.847463 1.05819 
810   -21255.8   -107.7801169 40 16 0.135013 0.099895 0.022577 0.075746 0.094908 0.058690 0.092489 2.48095 1.00465 
815   -21292.5   -364.7546904 78 67 0.089151 0.045236 0.063769 0.059845 0.035076 0.053943 0.042884 4.39425 1.04681 
820   -21262.8   -146.0100534 12 86 0.093671 0.074348 0.091808 0.035980 0.058909 0.107886 0.153598 4.85349 1.028 
825   -20935.1    59.49104445 42 44 0.085276 0.159353 0.081520 0.078984 0.092387 0.044941 0.081861 3.97598 1.05587 
830   -21110.6   -297.9274185 124 20 0.044401 0.154899 0.022035 0.129457 0.133525 0.122757 0.103112 3.86045 1.00724 
835   -21018.6   -106.1211754 26 22 0.058183 0.028072 0.076260 0.017619 0.098875 0.063506 0.013882 1.34561 1.09231 
840     -21166   -367.9207587 105 102 0.074513 0.046652 0.131209 0.102076 0.070943 0.085280 0.041873 3.84192 1.04245 
845       -inf           -inf 72 71 0.110281 0.061012 0.074357 0.155746 0.056756 0.125256 0.079414 4.08242 0.993772 
850   -21313.5   -69.55517051 71 114 0.096625 0.070016 0.052572 0.052767 0.105532 0.123368 0.117495 0.0698508 1.03662 
855   -20988.7    369.4380573 113 67 0.069232 0.074595 0.075399 0.133760 0.042092 0.034954 0.089880 0.28251 1.01121 
860   -20831.6    103.1869274 47 38 0.089346 0.048175 0.122073 0.050719 0.116870 0.025135 0.083817 4.09765 1.05157 
865   -21138.3   -222.5052793 56 84 0.115730 0.094907 0.076252 0.122503 0.062490 0.079907 0.127932 5.38786 1.04305 
870   -20733.8    677.9012964 74 21 0.037559 0.078689 0.005438 0.104072 0.069964 0.045327 0.145754 3.1038 1.03262 
875   -20892.2    521.1842699 120 69 0.099123 0.085278 0.098555 0.135645 0.094830 0.081690 0.096661 0.663074 1.01824 
880   -21184.2    451.1003066 86 68 0.083863 0.074642 0.089653 0.083553 0.042719 0.055899 0.064810 3.30662 1.03175 
885   -21324.2   -409.8863452 79 46 0.047049 0.048357 0.032620 0.129903 0.118325 0.071518 0.115254 5.49109 1.04085 
890       -inf           -inf 34 24 0.068200 0.041621 0.053663 0.017218 0.059858 0.064926 0.040684 5.38152 0.998397 
895       -inf           -inf 38 29 0.059761 0.099168 0.068615 0.117689 0.082087 0.091756 0.076132 1.67416 1.02224 
900     -20872    51.00724167 4 11 0.067085 0.083542 0.096218 0.029726 0.124195 0.126065 0.087647 1.19117 1.06076 