#
# Code will run in posterior sampling mode.
#
# A scale parameter will be fit to the bkg model.
#
# The total number of Gibbs draws is 900, every 5th draws will be saved.
#
# The model will be fit using the Multi Scale Prior.
#
# The data matrix is 128 by 128.
#
# The data file should contain a  2^7 by 2^7 matrix of counts.
#
# Starting Values for the smoothing parameter (alpha):
# Aggregation Level:  0,   alpha: 0.03 (Full Data)
# Aggregation Level:  1,   alpha: 0.04
# Aggregation Level:  2,   alpha: 0.05
# Aggregation Level:  3,   alpha: 0.06
# Aggregation Level:  4,   alpha: 0.07
# Aggregation Level:  5,   alpha: 0.08
# Aggregation Level:  6,   alpha: 0.09  (In the 2x2 table)
#
# The prior distribution on the total count from the multiscale component is
# Gamma(1.000000, 0.050000).
#
# The hyper-prior smoothing parameter (kappa 2) is 1000.
#
iteration logPost stepSize cycleSpinRow cycleSpinCol smoothingParam0 smoothingParam1 smoothingParam2 smoothingParam3 smoothingParam4 smoothingParam5 smoothingParam6 expectedMSCounts bkgScale 
5   -22645.1    328.4326032 88 18 0.198531 0.276100 0.377323 0.346546 0.197521 0.194328 0.155500 866.826 0.183824 
10   -22625.1   -682.7698703 63 100 0.210426 0.274401 0.311955 0.299598 0.206713 0.164246 0.092071 602.248 0.434975 
15   -22019.3    310.6965679 2 2 0.152219 0.186429 0.230032 0.273850 0.209972 0.152789 0.115699 356.518 0.712225 
20   -21371.1    992.0876228 53 40 0.152923 0.164597 0.188026 0.193098 0.219239 0.170747 0.097380 225.56 0.834786 
25   -20866.6    208.0616067 94 27 0.110972 0.058238 0.110725 0.159896 0.192036 0.110916 0.051844 80.6525 0.951607 
30     -21244   -613.9979507 104 59 0.114527 0.161532 0.100362 0.116442 0.156209 0.149235 0.074655 55.9258 0.940209 
35   -20578.3   -1.359694035 99 5 0.007345 0.062715 0.073224 0.061453 0.116792 0.147710 0.069246 47.7308 0.970675 
40   -21089.9   -349.3840898 55 78 0.090595 0.031031 0.020978 0.086866 0.123798 0.143402 0.088262 35.9598 0.985827 
45       -inf           -inf 13 85 0.043211 0.033312 0.136652 0.099003 0.120504 0.111772 0.104848 26.7004 1.01327 
50   -21254.8   -21.56495713 7 102 0.136903 0.089129 0.103546 0.058387 0.112485 0.058623 0.053404 15.5973 0.953919 
55   -21613.2   -612.0235493 121 116 0.118510 0.046621 0.024389 0.052037 0.052180 0.113418 0.110003 22.4261 1.01809 
60   -21300.9   -448.5148781 72 90 0.133766 0.108967 0.080694 0.063663 0.093253 0.092306 0.102162 11.7206 0.974116 
65     -20440    758.4528526 39 45 0.118906 0.021499 0.067122 0.020659 0.043082 0.096905 0.092794 9.39762 0.98955 
70   -21224.2   -519.7906921 79 14 0.092405 0.103391 0.113997 0.084876 0.094982 0.088321 0.066381 9.26846 1.01898 
75   -20672.7     21.8752486 77 119 0.085302 0.037891 0.050381 0.030848 0.086883 0.071552 0.113750 9.3279 1.03706 
80   -20739.9   -70.88220771 59 49 0.051158 0.092049 0.084482 0.025026 0.097600 0.087139 0.108777 6.98403 1.02039 
85   -20548.1    283.4445636 80 35 0.032300 0.065827 0.066194 0.087153 0.046134 0.081681 0.034591 8.2712 0.994197 
90   -21009.1   -723.1266454 72 50 0.053837 0.068937 0.050572 0.040409 0.060426 0.109899 0.114127 5.55235 0.998822 
95   -21129.4   -220.9933583 123 121 0.101426 0.045110 0.037810 0.075506 0.058152 0.073575 0.070346 8.35372 0.969535 
100   -20627.8    893.1111924 45 77 0.132397 0.063681 0.106645 0.051674 0.111690 0.092877 0.096795 11.6814 0.994165 
105   -21072.9    368.9957276 40 40 0.071680 0.046228 0.095993 0.014642 0.124585 0.036626 0.073463 5.91485 1.04943 
110     -20697    286.7214881 71 76 0.049750 0.045525 0.092288 0.067995 0.074985 0.028227 0.110767 4.52575 1.04404 
115   -20686.3   -154.3803615 59 20 0.057366 0.125726 0.044523 0.048763 0.089795 0.052432 0.116737 0.0990045 0.968702 
120       -inf           -inf 108 38 0.021192 0.085317 0.058457 0.064184 0.063780 0.054400 0.071227 4.15903 0.985566 
125   -20641.3    288.2265707 29 44 0.055456 0.084143 0.058026 0.071989 0.071972 0.021862 0.054803 1.80917 0.978871 
130   -21230.9    185.8747579 87 37 0.122862 0.056617 0.123284 0.138647 0.052716 0.092525 0.090654 1.38787 1.06397 
135     -21155   -201.5061671 124 68 0.044411 0.054851 0.031617 0.093399 0.056446 0.086093 0.118344 1.27371 1.03721 
140   -21226.8   -264.7037484 20 100 0.097224 0.031518 0.026327 0.133505 0.073815 0.048009 0.104416 9.47011 0.993152 
145   -21342.6   -457.0754529 84 39 0.081259 0.075508 0.083304 0.051916 0.110657 0.067552 0.148162 4.51486 1.0148 
150   -21569.1            inf 8 48 0.088558 0.082072 0.075177 0.045640 0.059212 0.048278 0.127921 5.07386 0.994704 
155   -20934.8   -212.2867561 103 61 0.041192 0.058672 0.094068 0.140265 0.096567 0.003066 0.049001 4.25246 1.00318 
160   -21126.3   -186.8850067 30 66 0.115375 0.112253 0.052042 0.050930 0.066306 0.103620 0.138459 2.04063 0.997325 
165   -20723.2    811.5670854 73 55 0.017153 0.080190 0.033515 0.074086 0.026339 0.120927 0.087059 5.00109 1.01766 
170   -21374.8   -690.9955048 51 49 0.067862 0.018950 0.049935 0.085632 0.110879 0.070321 0.028268 4.49979 1.02561 
175   -21252.1   -231.0076263 14 43 0.085282 0.091916 0.093250 0.009540 0.076071 0.062069 0.067535 3.20276 1.01514 
180   -20957.2   -581.7180238 71 120 0.095107 0.109568 0.083307 0.031525 0.023257 0.098579 0.042462 6.49689 1.01608 
185   -21304.9            inf 90 111 0.009073 0.091033 0.102183 0.126306 0.048427 0.122956 0.074640 0.629404 1.05711 
190   -20956.7    291.9441404 53 114 0.061826 0.033376 0.008550 0.033353 0.041859 0.076775 0.125463 2.39168 0.994438 
195   -20721.5            inf 28 18 0.154737 0.104321 0.072595 0.112510 0.108315 0.034164 0.105491 0.213493 1.02511 
200   -21288.8            inf 88 29 0.066976 0.046797 0.063142 0.023593 0.107637 0.100218 0.105434 3.16262 1.01591 
205   -21340.9   -405.0629284 92 97 0.061713 0.124299 0.059509 0.037241 0.086476 0.111960 0.069727 0.796765 0.978983 
210   -20484.3    922.4980567 10 91 0.122856 0.112122 0.089946 0.101631 0.003253 0.098954 0.059405 5.0892 1.02485 
215   -20837.9   -146.2914081 94 108 0.030285 0.069613 0.104988 0.054869 0.112603 0.027853 0.035601 2.95945 1.0336 
220   -21123.3   -149.8942265 24 67 0.040876 0.043313 0.017733 0.063595 0.078447 0.056800 0.140262 2.23754 1.01405 
225   -21685.2   -971.3593472 4 2 0.058824 0.082642 0.132195 0.080964 0.071649 0.088738 0.063996 0.622949 1.03284 
230   -20645.7    119.2340453 43 92 0.068842 0.022025 0.046837 0.063540 0.017289 0.122150 0.107296 0.875388 1.00137 
235   -20999.3   -58.72757656 14 24 0.112543 0.076560 0.089549 0.051961 0.088280 0.045953 0.072422 0.123175 1.02883 
240   -20587.4    550.8022323 10 101 0.108299 0.147849 0.119541 0.039895 0.051615 0.112587 0.090407 0.227819 0.968364 
245   -20828.3   -352.9574996 65 74 0.045467 0.050353 0.160953 0.026283 0.074655 0.089158 0.044675 1.21257 1.02921 
250   -20881.9    425.4733715 40 24 0.071531 0.088026 0.083444 0.086428 0.028680 0.051667 0.063892 0.418313 1.00056 
255   -20940.6   -239.1199192 38 35 0.015212 0.056523 0.141689 0.077334 0.065639 0.110721 0.044859 2.82634 1.04583 
260   -20948.1    440.9208384 39 43 0.092388 0.125986 0.092429 0.127016 0.025105 0.023783 0.058951 4.0025 1.01263 
265   -21379.1   -248.7469296 106 127 0.057784 0.069710 0.089167 0.044021 0.115216 0.089789 0.098441 4.49243 1.00836 
270   -20824.1    363.7148436 44 107 0.067464 0.100867 0.115749 0.035203 0.114745 0.063766 0.098798 0.607175 1.03082 
275       -inf           -inf 88 40 0.040040 0.084253 0.028073 0.104510 0.142290 0.116877 0.066591 3.52055 1.00339 
280   -20600.2    277.0681734 80 99 0.131625 0.109804 0.096212 0.119038 0.055264 0.074198 0.004443 6.25391 1.00003 
285   -20977.7    306.6450493 31 92 0.120638 0.036540 0.075820 0.048726 0.049842 0.090703 0.044591 2.43199 0.983666 
290   -20416.8    652.8713445 60 23 0.074759 0.031620 0.103313 0.046043 0.095273 0.150007 0.124020 0.0549067 1.01424 
295   -21163.9    321.5753543 18 81 0.033911 0.145633 0.043897 0.036721 0.045050 0.020643 0.055014 2.93379 1.04623 
300   -21116.9   -438.3940578 14 29 0.097897 0.127570 0.085192 0.057351 0.059243 0.109040 0.085198 5.34817 0.968543 
305   -21275.2            inf 60 80 0.019481 0.084391 0.123269 0.060217 0.075463 0.085125 0.094703 2.09499 1.03793 
310   -20752.1    276.2946362 53 119 0.064531 0.063388 0.064724 0.099471 0.080686 0.118638 0.041270 3.38547 0.931007 
315   -20551.1    63.36497062 58 68 0.045296 0.008751 0.046983 0.018216 0.051825 0.102619 0.108682 0.374162 1.02342 
320   -20598.4    607.1891504 113 22 0.137993 0.058559 0.128215 0.068438 0.073392 0.059416 0.102382 0.11792 0.964641 
325   -21101.6   -544.5329489 96 66 0.050967 0.008469 0.075094 0.074559 0.124860 0.136085 0.033417 1.68754 1.03406 
330     -20905            inf 103 17 0.087707 0.077208 0.058067 0.069971 0.035447 0.036133 0.081595 1.0713 0.962542 
335   -20823.9    507.3622821 89 121 0.067810 0.015574 0.047145 0.084817 0.048754 0.005264 0.033901 1.31873 0.973871 
340       -inf           -inf 8 39 0.056910 0.041892 0.064565 0.008269 0.140284 0.096164 0.016700 4.82819 0.994611 
345   -21303.3     118.639677 53 65 0.106157 0.098737 0.007822 0.139411 0.071321 0.022967 0.039420 4.74783 1.00235 
350     -21000    71.14114693 46 40 0.067977 0.031839 0.045937 0.087629 0.063527 0.100405 0.052263 3.20211 0.962164 
355   -20644.1    594.3791724 49 79 0.090653 0.074027 0.063799 0.103861 0.125610 0.077498 0.132687 1.1786 0.999445 
360   -21035.6    53.83433165 32 20 0.035948 0.082164 0.049279 0.095640 0.091092 0.102662 0.105273 0.0198415 1.03727 
365   -20862.3   -118.4203956 15 15 0.041454 0.060659 0.115077 0.134855 0.088905 0.066354 0.105582 0.419084 1.05643 
370   -20605.7    35.31853307 69 68 0.072602 0.098381 0.034690 0.018934 0.040569 0.094431 0.067129 3.17951 0.987423 
375     -21477   -678.1043897 24 90 0.100368 0.074367 0.157213 0.036531 0.075971 0.081699 0.096069 1.01658 0.984994 
380   -21129.9    28.78610199 98 70 0.067595 0.053928 0.046796 0.024411 0.084363 0.058882 0.070037 1.2339 1.03274 
385   -21215.8   -263.5680256 0 9 0.101784 0.012952 0.117593 0.028949 0.056540 0.048327 0.076572 2.4117 0.972729 
390   -21162.3   -441.4765657 39 81 0.086770 0.096231 0.051112 0.114193 0.046798 0.025677 0.043306 0.476947 1.02068 
395   -21121.9   -301.2488124 62 96 0.047693 0.100312 0.045459 0.142789 0.076628 0.087069 0.067114 0.690588 0.937264 
400   -21183.9    94.39280661 10 44 0.019354 0.074599 0.106388 0.087300 0.103699 0.055296 0.042631 2.64437 1.01777 
405   -21081.9    -26.0373239 68 117 0.084400 0.064429 0.028659 0.022978 0.091430 0.022614 0.094264 4.74926 0.969822 
410   -20850.7   -168.2904797 94 15 0.079552 0.027276 0.076242 0.126093 0.093649 0.109990 0.054206 6.76261 0.978815 
415   -20852.4    88.56951099 124 33 0.110856 0.096877 0.030894 0.061229 0.041159 0.114984 0.110940 4.96845 0.997763 
420   -20578.1    108.6570798 20 111 0.076594 0.072607 0.018247 0.098657 0.069211 0.076702 0.002460 0.100689 0.984893 
425   -20840.3            inf 30 101 0.070234 0.116316 0.084597 0.092174 0.073602 0.095007 0.097909 0.345774 1.0178 
430   -20994.2            inf 19 103 0.023539 0.064517 0.046904 0.030089 0.059375 0.062772 0.129323 0.458855 0.995087 
435   -21329.1   -483.6007105 65 22 0.097023 0.092361 0.072089 0.042131 0.068575 0.100882 0.048440 0.29463 0.990819 
440   -21752.2   -1145.243763 1 35 0.081919 0.100947 0.128203 0.104164 0.022576 0.040156 0.160423 1.02474 1.02044 
445       -inf           -inf 122 124 0.097033 0.071029 0.049098 0.086956 0.024410 0.070226 0.058377 0.86233 1.02443 
450   -20473.1    306.0763288 91 112 0.047976 0.108228 0.028990 0.088057 0.051292 0.057175 0.055727 1.33685 0.951469 
455   -20836.2   -4.313837923 52 79 0.075043 0.044392 0.122050 0.114132 0.057991 0.034219 0.120491 2.03108 1.01455 
460   -20571.5    198.0858284 14 61 0.067103 0.093785 0.117986 0.118237 0.051574 0.070704 0.074891 8.89572 1.0343 
465   -21221.8            inf 126 1 0.037483 0.075716 0.074603 0.088619 0.072940 0.128266 0.061049 6.87817 1.06793 
470     -20549    248.4279175 19 37 0.061273 0.023358 0.058316 0.116470 0.104797 0.009896 0.022296 6.13926 0.989492 
475   -20764.8    329.5210357 19 20 0.084994 0.086085 0.117619 0.122662 0.119362 0.051151 0.057832 3.05926 1.00052 
480   -20808.5   -62.59577247 51 108 0.058858 0.033148 0.079821 0.033825 0.048489 0.077042 0.097036 0.55081 1.00778 
485       -inf           -inf 49 16 0.025761 0.040995 0.038240 0.082095 0.099850 0.086843 0.046754 0.590153 0.97032 
490   -21235.9   -438.8405041 0 48 0.091844 0.088502 0.101718 0.115023 0.006930 0.094011 0.167664 0.279101 1.04958 
495   -21465.1   -883.6748444 18 56 0.068039 0.121545 0.016258 0.040225 0.098889 0.043733 0.017075 2.16735 1.03316 
500   -21456.3   -550.4614204 59 20 0.132962 0.026616 0.101754 0.070079 0.091011 0.051331 0.030714 0.9553 1.00357 
505   -20971.7    166.6817029 96 70 0.043192 0.092269 0.084131 0.088373 0.033912 0.033497 0.029899 4.49385 0.983411 
510   -20672.8    518.2436461 43 82 0.100827 0.164599 0.061580 0.091947 0.118314 0.121459 0.058562 2.06979 0.997358 
515   -20843.8     489.721241 40 105 0.094751 0.039807 0.090949 0.017979 0.108156 0.048447 0.081185 0.409367 1.01391 
520   -20832.1    161.6736951 45 80 0.102951 0.055420 0.028360 0.089619 0.022192 0.043037 0.090187 1.62237 0.980815 
525   -21293.6    -394.653925 43 48 0.076601 0.027256 0.036448 0.068291 0.128676 0.113079 0.001696 0.263902 0.97294 
530   -21192.6   -50.86441575 52 77 0.092922 0.011129 0.088561 0.156080 0.114900 0.071439 0.058118 2.17009 0.950393 
535       -inf           -inf 91 108 0.066768 0.078054 0.055122 0.052104 0.059655 0.046262 0.042456 1.11851 0.993778 
540   -20452.7    42.71088938 116 32 0.100556 0.076829 0.024684 0.110089 0.113626 0.083835 0.006542 3.21725 0.958898 
545   -21187.6   -222.6920644 14 88 0.055795 0.105892 0.053572 0.111918 0.042857 0.085152 0.060203 1.5934 1.03412 
550   -20557.5    415.8187293 111 117 0.055546 0.076727 0.057154 0.078247 0.087214 0.082793 0.103994 1.55102 0.981991 
555   -21370.9   -641.5531215 66 75 0.029099 0.033193 0.050241 0.149725 0.037781 0.027784 0.105694 2.63657 0.990624 
560   -20949.9    -86.6038874 88 66 0.047692 0.081730 0.093084 0.022583 0.060140 0.123942 0.049592 5.17187 0.996172 
565   -20573.9    145.8014791 1 36 0.116505 0.075391 0.051175 0.046110 0.054061 0.025789 0.058060 2.78394 1.02654 
570     -21136   -40.19488431 74 36 0.014068 0.040503 0.048982 0.096801 0.085382 0.062341 0.004698 3.02879 1.0651 
575   -21180.5    209.6228862 6 17 0.088511 0.045785 0.102401 0.024909 0.025538 0.099798 0.042793 2.54141 1.0239 
580   -20587.1   -41.49027712 122 47 0.100900 0.083730 0.008396 0.126063 0.059644 0.048524 0.098204 4.47547 1.02434 
585   -20814.8    6.990293911 22 116 0.131719 0.045473 0.032885 0.047155 0.018884 0.069944 0.088137 0.923585 1.00555 
590   -20657.8    1092.077414 73 94 0.072569 0.100044 0.110936 0.070425 0.043770 0.040251 0.081826 1.9889 1.03826 
595   -21069.6    479.9806039 15 68 0.071024 0.039034 0.046185 0.070124 0.024079 0.084807 0.058673 4.67858 0.984798 
600   -20862.8   -210.9497352 92 87 0.153634 0.027037 0.052223 0.080269 0.110070 0.040639 0.102887 9.28383 0.979134 
605     -21011   -337.8732416 96 60 0.113706 0.122883 0.020864 0.112865 0.058545 0.057989 0.102458 10.5994 0.975544 
610   -20982.4    22.58479885 37 13 0.105758 0.049387 0.042062 0.112926 0.096209 0.073393 0.071294 8.80031 1.01548 
615   -21608.9   -144.9032903 100 1 0.108819 0.089783 0.078104 0.028725 0.098982 0.106831 0.067447 7.41146 0.996501 
620   -21166.2    -270.778464 58 124 0.065861 0.104669 0.045725 0.116458 0.058390 0.040015 0.072047 3.53662 1.0186 
625       -inf           -inf 55 12 0.025679 0.093038 0.166425 0.034159 0.066091 0.010907 0.130384 4.06263 0.992985 
630   -20689.9   -103.4158372 60 11 0.087689 0.060837 0.135625 0.042571 0.083862 0.064580 0.103352 3.08665 0.981704 
635     -21033            inf 85 35 0.073788 0.054157 0.069680 0.075977 0.065077 0.074706 0.111803 0.567937 1.07702 
640     -21286   -365.0671832 84 46 0.044750 0.041675 0.045963 0.063308 0.134792 0.083875 0.093310 0.728793 1.01179 
645   -21003.4    119.4712932 36 7 0.031998 0.008721 0.085641 0.086813 0.075216 0.041693 0.035343 0.737688 0.96774 
650   -20867.8   -26.29626117 84 50 0.082931 0.028651 0.149881 0.033383 0.089329 0.084129 0.085844 3.14287 0.962771 
655     -20745    328.8270011 66 37 0.024606 0.061381 0.015147 0.111648 0.023723 0.074019 0.121138 0.337582 0.977131 
660   -20835.5    782.8396269 116 41 0.035946 0.099134 0.030394 0.049108 0.126153 0.042602 0.067053 1.32276 1.03704 
665     -20766   -280.4587918 40 48 0.062100 0.076001 0.027796 0.067093 0.065378 0.098410 0.077651 2.50744 1.02116 
670   -21203.9            inf 52 118 0.063173 0.032807 0.073501 0.091011 0.020509 0.032080 0.081231 2.37094 1.067 
675   -20463.3    374.3376178 90 127 0.142723 0.073385 0.089929 0.087993 0.058835 0.146802 0.030581 0.00160587 0.980491 
680   -20992.6   -218.7503129 5 47 0.083108 0.044149 0.110320 0.033326 0.071746 0.077290 0.121477 1.00427 1.01424 
685     -20631    260.9918308 27 71 0.075325 0.173759 0.093132 0.094118 0.089372 0.121601 0.062431 5.57585 0.968223 
690   -21288.4   -774.8192295 86 66 0.096229 0.057831 0.054834 0.101059 0.101452 0.117568 0.065871 5.12777 0.997617 
695   -21322.3   -470.3604764 126 83 0.103167 0.114223 0.039129 0.047298 0.083931 0.045779 0.069946 1.7214 1.04406 
700   -20561.7            inf 44 19 0.114650 0.017949 0.027825 0.103203 0.025565 0.056956 0.068633 1.80562 1.02293 
705   -20778.7    321.0824538 89 0 0.034298 0.067412 0.082993 0.081616 0.103811 0.092521 0.064454 2.11011 1.00681 
710   -21277.8   -566.3711383 30 12 0.103561 0.019277 0.092040 0.083012 0.024200 0.057275 0.141214 4.07978 0.977603 
715     -20835   -277.1738647 32 39 0.062892 0.064281 0.074157 0.098148 0.051293 0.065224 0.046368 0.968316 1.03528 
720   -21325.9   -648.3473938 86 73 0.062807 0.084566 0.150402 0.082386 0.074886 0.073000 0.023225 6.03513 1.0163 
725   -20774.3    333.7778075 98 29 0.065208 0.060781 0.084606 0.058377 0.076176 0.011312 0.051657 4.32469 1.01186 
730   -20988.5    266.3841183 90 4 0.049412 0.103506 0.108824 0.103154 0.041088 0.101842 0.058047 2.39632 1.08235 
735   -21459.8   -391.4306134 18 29 0.165465 0.076293 0.029720 0.084752 0.070325 0.085998 0.082692 1.01249 0.983231 
740       -inf           -inf 74 78 0.134228 0.085090 0.012047 0.086051 0.034361 0.078802 0.060375 1.28213 1.00223 
745   -20877.6   -102.4292435 0 77 0.100439 0.011411 0.087402 0.109148 0.087308 0.103912 0.089944 1.09865 1.01301 
750   -20977.9   -91.93548289 109 112 0.067351 0.108810 0.118015 0.061026 0.067487 0.097404 0.084654 0.695844 0.953934 
755   -20732.7    290.2690366 9 52 0.023757 0.061871 0.086624 0.056780 0.041494 0.062318 0.043422 1.30249 0.958213 
760   -20985.8     139.466908 8 67 0.114088 0.103292 0.052205 0.083572 0.008643 0.134390 0.089841 2.25311 1.03444 
765   -21318.6   -372.6527431 115 11 0.052728 0.034455 0.114692 0.102171 0.073509 0.118019 0.094053 8.11198 1.00323 
770   -20641.4    189.4796139 34 48 0.080054 0.081512 0.067635 0.072531 0.099739 0.079369 0.073136 8.70801 0.995866 
775   -20636.8    80.85921374 106 31 0.072741 0.070680 0.144199 0.020898 0.123240 0.085617 0.008635 0.789783 1.07204 
780   -21294.9    -323.672372 56 88 0.018830 0.032250 0.053316 0.091471 0.134627 0.049487 0.117886 2.7455 1.01526 
785   -21372.3            inf 51 47 0.031065 0.055480 0.112529 0.072068 0.078802 0.043315 0.116508 1.03554 1.00408 
790   -21010.4    60.89617666 77 84 0.060933 0.062115 0.039799 0.034971 0.056251 0.055428 0.120137 5.45055 0.997926 
795   -21092.2    123.4694368 62 15 0.039784 0.110633 0.035501 0.064556 0.082241 0.038399 0.071875 6.57774 0.994655 
800   -20937.7    689.1927733 107 13 0.065129 0.073431 0.055709 0.053672 0.054516 0.100848 0.026745 5.40016 1.00375 
805   -20889.5    132.0914293 123 54 0.105935 0.043672 0.054284 0.131901 0.072198 0.114497 0.063612 5.21338 0.982549 
810       -inf           -inf 16 89 0.063121 0.141529 0.099813 0.024749 0.136347 0.102557 0.076039 7.19224 0.965778 
815   -20735.8    294.6215318 22 84 0.034447 0.069811 0.016595 0.141297 0.068600 0.067330 0.063667 5.48982 0.997992 
820   -20874.9   -151.3449862 116 53 0.095827 0.095811 0.072523 0.151532 0.051445 0.084465 0.048957 4.61613 1.00039 
825   -21348.7    184.6060099 32 118 0.043769 0.126523 0.088806 0.075383 0.066355 0.075176 0.029222 9.90737 0.977294 
830   -20886.5    64.39948233 2 86 0.067275 0.115516 0.092633 0.053738 0.055668 0.043002 0.101202 1.71883 1.02673 
835     -21058    293.4823499 96 107 0.082014 0.112383 0.050207 0.048155 0.067949 0.142884 0.093524 0.914631 0.948026 
840   -20631.5    11.39602218 122 52 0.038624 0.050389 0.099990 0.096868 0.078009 0.039570 0.143186 1.84389 1.01091 
845   -20933.5    153.8245505 45 84 0.039631 0.117367 0.046015 0.055313 0.091239 0.088174 0.053564 2.08806 1.04703 
850   -21336.8    112.9715722 103 70 0.050012 0.087893 0.019859 0.075828 0.073951 0.054189 0.054049 2.90779 0.976883 
855   -21020.1    596.4628773 100 50 0.093340 0.052265 0.064225 0.071823 0.076146 0.065266 0.121864 1.27438 1.04389 
860   -20949.5   -343.5769516 71 75 0.048242 0.119411 0.105485 0.160375 0.018053 0.050652 0.070271 1.44716 1.0619 
865   -20523.7     1058.24787 84 34 0.102152 0.101375 0.074379 0.088442 0.031542 0.135153 0.040974 0.225956 0.990095 
870   -21082.8    -165.235328 88 101 0.104115 0.100365 0.091483 0.086345 0.038566 0.110059 0.109986 0.965084 1.00011 
875   -20560.1    314.6872682 15 55 0.155135 0.105215 0.069168 0.019801 0.058567 0.093295 0.031139 1.71245 0.981818 
880   -20694.9    57.09663175 63 115 0.056660 0.066629 0.074384 0.040240 0.079596 0.125857 0.030630 1.12583 0.979951 
885   -21125.2   -799.6792116 111 98 0.068573 0.061158 0.078627 0.062618 0.074524 0.072098 0.081375 0.820903 1.00853 
890     -20649    423.4982915 46 115 0.055725 0.082362 0.112562 0.091658 0.094134 0.062919 0.035191 0.221562 1.01867 
895   -21368.3   -697.2748989 100 63 0.027095 0.057426 0.057617 0.092339 0.127750 0.061613 0.106233 0.891064 0.948048 
900   -21184.6    32.04884283 123 27 0.047149 0.088272 0.032922 0.053634 0.093950 0.027927 0.092563 4.84209 1.07708 