#
# Code will run in posterior sampling mode.
#
# A scale parameter will be fit to the bkg model.
#
# The total number of Gibbs draws is 3600, every 20th draws will be saved.
#
# The model will be fit using the Multi Scale Prior.
#
# The data matrix is 128 by 128.
#
# The data file should contain a  2^7 by 2^7 matrix of counts.
#
# Starting Values for the smoothing parameter (alpha):
# Aggregation Level:  0,   alpha: 0.003 (Full Data)
# Aggregation Level:  1,   alpha: 0.004
# Aggregation Level:  2,   alpha: 0.005
# Aggregation Level:  3,   alpha: 0.006
# Aggregation Level:  4,   alpha: 0.007
# Aggregation Level:  5,   alpha: 0.008
# Aggregation Level:  6,   alpha: 0.009  (In the 2x2 table)
#
# The prior distribution on the total count from the multiscale component is
# Gamma(1.000000, 0.050000).
#
# The hyper-prior smoothing parameter (kappa 2) is 1000.
#
iteration logPost stepSize cycleSpinRow cycleSpinCol smoothingParam0 smoothingParam1 smoothingParam2 smoothingParam3 smoothingParam4 smoothingParam5 smoothingParam6 expectedMSCounts bkgScale 
20   -20775.7    669.9379268 107 44 0.088624 0.078342 0.039847 0.076658 0.090676 0.121457 0.142208 35.7101 0.990242 
40     -21290    -261.695833 104 112 0.103739 0.054522 0.052151 0.078466 0.040741 0.052208 0.056034 22.1504 1.02103 
60   -21294.8   -210.9783043 0 25 0.041651 0.080931 0.112342 0.068013 0.080453 0.054698 0.089255 16.9204 1.01737 
80   -21173.7   -394.5832752 48 37 0.141382 0.045995 0.074485 0.116086 0.154501 0.103034 0.105889 15.3483 1.02218 
100   -21712.7    176.1900842 10 83 0.118118 0.110812 0.109552 0.044669 0.092117 0.091316 0.026783 5.87253 1.03211 
120   -20556.5    585.4546579 56 107 0.078461 0.029984 0.006491 0.059386 0.065573 0.126294 0.099312 17.6067 1.01126 
140       -inf           -inf 56 83 0.036112 0.127294 0.042379 0.036982 0.044756 0.092276 0.117962 14.3115 0.978523 
160   -20917.5    207.2849509 80 82 0.059669 0.100873 0.081226 0.039871 0.076126 0.050388 0.081108 8.07155 0.999299 
180   -20841.4    693.4737653 99 47 0.061720 0.064737 0.055767 0.145787 0.095703 0.103857 0.112267 6.48877 1.04809 
200   -20931.2    112.4811686 57 5 0.064488 0.121861 0.088332 0.061681 0.073613 0.065267 0.095399 13.2245 1.03464 
220   -21198.5    249.6663899 69 91 0.072211 0.110619 0.024101 0.016203 0.050263 0.056305 0.141266 2.63807 1.07627 
240     -21305    245.6008898 83 29 0.005074 0.075001 0.062242 0.081564 0.030667 0.100984 0.064992 7.19279 1.00906 
260   -21316.9   -103.6136126 86 80 0.087386 0.100549 0.104897 0.078124 0.096312 0.065073 0.080865 10.0724 1.02514 
280   -20695.3    401.9266057 82 111 0.050676 0.125443 0.059297 0.044804 0.041704 0.086676 0.088712 9.22306 1.02128 
300   -20869.2    676.1245548 126 46 0.079276 0.046421 0.058945 0.006979 0.037809 0.113498 0.122011 4.10024 1.00509 
320   -21066.6   -311.4675639 8 39 0.047103 0.027301 0.113536 0.063184 0.031066 0.067082 0.076938 15.7189 1.03652 
340   -20958.8     896.115505 89 127 0.082505 0.048671 0.061676 0.097674 0.083007 0.094777 0.119151 11.1462 0.967119 
360   -20974.2   -52.94768498 80 14 0.073009 0.058515 0.107708 0.056290 0.039763 0.054895 0.128748 0.690539 1.06723 
380   -21220.7   -72.42635843 63 60 0.072973 0.091405 0.076147 0.093749 0.111240 0.051961 0.014079 7.63887 1.03939 
400   -21397.7            inf 71 10 0.081452 0.035997 0.058407 0.064353 0.118384 0.034423 0.028584 9.79521 1.03497 
420   -21012.3    70.63518083 117 69 0.053309 0.084698 0.087195 0.083757 0.096669 0.082994 0.162338 13.6619 1.02773 
440   -20923.7   -69.45434007 44 20 0.025266 0.102027 0.086204 0.062907 0.151403 0.055548 0.118565 29.7886 1.05591 
460   -21273.9   -289.5604183 42 108 0.053451 0.027747 0.095390 0.167260 0.071389 0.094650 0.041947 10.6129 1.01067 
480   -21271.8            inf 125 9 0.114467 0.144551 0.013460 0.088215 0.021531 0.101994 0.031471 1.15795 1.02938 
500   -21071.6   -455.1804827 37 49 0.052130 0.113708 0.034160 0.052126 0.072431 0.005602 0.088719 4.78935 0.987097 
520   -20561.4     416.444566 47 49 0.100133 0.047241 0.136232 0.100540 0.031315 0.119033 0.142219 2.21719 1.03063 
540   -21667.4   -582.9471686 46 33 0.021825 0.041212 0.063527 0.125223 0.088937 0.100559 0.105417 2.37402 1.0562 
560   -21093.3   -234.4107351 0 18 0.047116 0.017443 0.073999 0.061283 0.100044 0.099514 0.068007 3.95635 0.992021 
580   -20810.8    1006.946909 41 27 0.028307 0.120613 0.116068 0.092436 0.080405 0.083618 0.120994 1.07659 1.01152 
600   -20958.7            inf 122 10 0.066585 0.056065 0.064549 0.036589 0.053806 0.038543 0.058660 4.3995 1.03856 
620   -21311.1    676.1185254 15 5 0.045802 0.086399 0.056085 0.033571 0.107401 0.117214 0.071796 3.91375 1.0262 
640   -20573.2    575.8351411 64 124 0.124994 0.081653 0.099282 0.110459 0.097709 0.098331 0.054071 20.5307 1.03323 
660   -20582.4    360.7207878 68 51 0.083747 0.101356 0.030862 0.083867 0.108117 0.079285 0.113981 2.92523 1.06615 
680   -21049.7    388.2070984 80 22 0.074321 0.059274 0.094958 0.064363 0.106794 0.090219 0.040623 3.14316 1.03679 
700   -21797.3   -598.3730076 17 126 0.076239 0.054094 0.038749 0.121472 0.094231 0.105251 0.066448 3.931 1.04466 
720   -21018.6    188.6539591 73 25 0.039864 0.047625 0.040062 0.075635 0.028552 0.124010 0.069814 4.97338 0.998475 
740   -21045.3     258.569217 71 112 0.113579 0.083253 0.049401 0.058313 0.044339 0.114955 0.102089 4.01369 1.02908 
760   -20691.6    385.0213405 25 0 0.063956 0.038546 0.121016 0.032820 0.120419 0.070370 0.106544 2.66707 1.02057 
780   -21033.1    -121.643169 27 47 0.081281 0.083729 0.088075 0.077009 0.036012 0.063402 0.105533 8.28981 1.06739 
800   -21393.1   -506.9751559 73 9 0.049222 0.033302 0.032598 0.085975 0.076231 0.076694 0.079448 3.63603 1.01675 
820     -20619    578.0589028 126 21 0.058288 0.073100 0.085722 0.108233 0.086575 0.137011 0.100365 9.94575 1.01491 
840   -21470.6   -312.4405672 114 72 0.035192 0.073752 0.047579 0.075909 0.056803 0.081172 0.117992 3.7103 1.01827 
860   -20902.1            inf 33 69 0.115258 0.115540 0.071649 0.093545 0.096031 0.120394 0.040741 11.9565 1.03638 
880   -20846.8    262.0451423 72 25 0.054177 0.037355 0.074855 0.147317 0.039404 0.103321 0.072622 6.40611 1.00348 
900   -21233.9   -596.9276856 6 14 0.044779 0.058703 0.034897 0.087362 0.134721 0.037885 0.099814 2.63436 0.984018 
920       -inf           -inf 98 3 0.093381 0.024178 0.031642 0.082508 0.030586 0.060153 0.075632 0.882477 1.07805 
940   -20559.6    699.8313851 54 68 0.093046 0.069866 0.014833 0.079277 0.085268 0.032284 0.012653 2.3164 1.03051 
960   -21656.9   -814.1571848 90 84 0.073217 0.069845 0.086508 0.042661 0.111571 0.072614 0.061148 5.18064 1.02319 
980   -21525.7   -606.1576458 34 66 0.071289 0.022317 0.080513 0.093668 0.101376 0.111439 0.110649 5.03831 1.00402 
1000     -20672            inf 30 76 0.077384 0.086313 0.034326 0.049511 0.086089 0.134036 0.082005 0.879375 1.04915 
1020   -21861.3   -906.4993154 81 4 0.053967 0.029432 0.063446 0.086214 0.046107 0.047396 0.096620 1.3068 1.00944 
1040   -20836.5    320.7831472 40 90 0.091571 0.039583 0.010562 0.100027 0.127347 0.057470 0.080037 1.00717 1.01501 
1060   -21822.7   -767.2977442 68 28 0.037694 0.064978 0.058352 0.097366 0.062096 0.057694 0.051660 1.72252 0.976576 
1080       -inf           -inf 102 30 0.029694 0.045586 0.128150 0.109888 0.136140 0.082435 0.068437 2.959 1.04538 
1100   -20978.1    1233.031584 52 44 0.033544 0.122614 0.058702 0.136498 0.038861 0.096216 0.045315 2.20279 1.00958 
1120   -21423.8    -278.468003 0 116 0.122336 0.061795 0.076494 0.041403 0.007158 0.132052 0.066609 1.76174 1.04398 
1140   -20840.7    78.44238398 10 80 0.112779 0.030682 0.127211 0.086445 0.082874 0.078278 0.084451 9.22845 0.997122 
1160   -20944.9    380.5476107 40 39 0.110133 0.054492 0.105236 0.067441 0.064245 0.087934 0.073366 0.524044 1.00747 
1180   -21395.1   -803.7168927 21 58 0.060966 0.056922 0.017353 0.105368 0.129687 0.112305 0.061327 4.18833 1.05048 
1200     -21083    239.4335104 114 36 0.058050 0.151691 0.044513 0.115300 0.109902 0.014647 0.123095 8.87033 1.05298 
1220   -20948.1    53.60108949 27 97 0.036632 0.085258 0.051280 0.089444 0.050038 0.068254 0.053734 5.86008 1.07439 
1240   -21152.9    471.9784133 117 89 0.100672 0.058203 0.015938 0.090171 0.094876 0.141023 0.074125 6.98844 1.02586 
1260   -20997.2    211.5446585 60 65 0.113530 0.097931 0.065913 0.012543 0.074574 0.128420 0.041549 17.2876 1.02548 
1280   -21278.1   -225.8385364 69 46 0.128814 0.074438 0.092818 0.072091 0.061642 0.104218 0.072319 5.62313 1.01683 
1300     -20744    879.4251282 84 121 0.074140 0.097779 0.048085 0.048575 0.080895 0.040512 0.104097 6.8463 1.0656 
1320   -20722.8   -272.5566389 9 53 0.085935 0.126034 0.033172 0.115315 0.055177 0.109671 0.108088 9.60092 1.00194 
1340       -inf           -inf 55 46 0.022628 0.078516 0.113968 0.038490 0.089374 0.095022 0.143933 2.86713 1.07442 
1360       -inf           -inf 21 117 0.133592 0.021430 0.043494 0.062055 0.078987 0.032995 0.126205 5.93811 1.03289 
1380   -21217.2   -645.9431134 116 127 0.079936 0.071881 0.065214 0.054235 0.059622 0.133796 0.008918 2.16132 1.01658 
1400   -20922.5    59.98425594 77 32 0.130232 0.040397 0.076915 0.065821 0.048036 0.090463 0.106115 3.76471 0.994785 
1420   -21194.6   -516.3106166 84 113 0.087635 0.157491 0.097151 0.103452 0.102120 0.027604 0.046368 2.1256 1.06052 
1440   -20724.8    1012.599114 101 113 0.069775 0.030857 0.020054 0.118220 0.105357 0.127879 0.085891 10.3143 0.978879 
1460   -21295.9     125.658577 110 87 0.075568 0.076846 0.083451 0.058970 0.161393 0.054485 0.020244 4.25548 0.971309 
1480   -21560.3   -521.6897785 119 99 0.120533 0.098763 0.082723 0.037806 0.106557 0.104865 0.055565 4.68074 1.0392 
1500   -21032.5            inf 46 19 0.073996 0.070198 0.016739 0.070795 0.105251 0.030196 0.026805 1.2433 1.04801 
1520   -20841.3            inf 11 42 0.021859 0.034841 0.127658 0.133884 0.067640 0.029034 0.098072 0.408211 1.04615 
1540   -20985.4   -245.1972673 66 52 0.086687 0.032302 0.043863 0.053369 0.035280 0.045741 0.075224 3.12646 1.01272 
1560   -20493.8    265.2134897 95 6 0.119342 0.146211 0.027916 0.064624 0.049782 0.085616 0.170287 5.16163 1.07142 
1580   -20802.4    154.7568269 105 56 0.066837 0.070579 0.107439 0.103546 0.121234 0.085359 0.049209 6.21725 1.02068 
1600   -21587.3   -883.1328375 73 57 0.044207 0.135919 0.060656 0.046765 0.059286 0.147877 0.104131 9.21887 1.00798 
1620   -20869.7    432.8369811 28 37 0.088427 0.042838 0.103008 0.097572 0.048455 0.053742 0.009324 1.3083 1.03999 
1640     -21117    90.01131453 121 89 0.021665 0.024279 0.053437 0.044318 0.096602 0.104123 0.027954 4.3713 1.06878 
1660     -21231    24.91745465 106 93 0.041995 0.063047 0.120127 0.051559 0.041319 0.048858 0.022601 8.70333 1.07455 
1680   -20766.7    -152.858028 21 22 0.018177 0.046916 0.074945 0.070765 0.078165 0.078781 0.102841 2.48983 1.04643 
1700   -20776.6    1208.029906 115 42 0.095154 0.088203 0.021674 0.073671 0.081208 0.038946 0.043849 8.81932 1.06592 
1720   -21496.9   -639.8093279 119 74 0.069658 0.097507 0.058478 0.043852 0.049892 0.021317 0.093131 4.52049 1.0016 
1740   -21160.2   -162.3288817 67 20 0.070743 0.043579 0.089358 0.047858 0.029418 0.104998 0.023540 0.00525201 1.00561 
1760   -20760.6    342.3750364 82 121 0.065445 0.035946 0.092667 0.051962 0.130881 0.094642 0.082049 15.6601 1.04107 
1780   -20838.4    446.8240391 88 54 0.118878 0.085905 0.068038 0.108244 0.026669 0.084255 0.084252 3.95727 1.02873 
1800   -21082.5    150.6667601 111 82 0.103923 0.009662 0.099884 0.120356 0.060934 0.064110 0.092926 4.77503 1.03605 
1820   -21410.5            inf 53 31 0.126704 0.009828 0.060800 0.091344 0.068268 0.088367 0.019219 3.8657 1.04633 
1840   -20825.1   -239.5859347 10 29 0.052064 0.054462 0.086241 0.046048 0.055951 0.132889 0.010774 1.16265 1.04617 
1860   -20693.3    661.8244386 90 28 0.021722 0.104675 0.117604 0.073946 0.070207 0.019723 0.072434 2.40319 1.0479 
1880   -20801.5   -18.58596051 101 92 0.123741 0.141332 0.113917 0.072110 0.033284 0.105418 0.054418 9.37369 1.04026 
1900   -21091.4   -284.3318093 80 115 0.035940 0.068440 0.022913 0.053401 0.074630 0.038025 0.008315 2.8757 1.01435 
1920   -20666.5     119.804266 120 64 0.062147 0.044255 0.050319 0.121880 0.109483 0.050600 0.109331 2.11146 1.04017 
1940   -20776.2    978.6401243 114 94 0.156741 0.110282 0.079912 0.128944 0.115779 0.078629 0.068694 4.24013 1.05269 
1960   -21395.2   -570.9755968 127 69 0.059503 0.092358 0.096729 0.123028 0.060238 0.110545 0.044236 10.7131 1.05197 
1980   -20775.1    640.4452012 53 54 0.080440 0.065754 0.026113 0.090878 0.023272 0.081760 0.087949 1.00046 0.995583 
2000   -21161.6    389.4454929 94 18 0.019459 0.085150 0.141260 0.070786 0.112035 0.041818 0.079522 0.677831 1.05944 
2020   -21280.6    1063.276802 84 80 0.047739 0.036041 0.099962 0.114846 0.072080 0.102696 0.087498 9.5853 1.02483 
2040       -inf           -inf 64 56 0.070930 0.113493 0.005464 0.094674 0.024378 0.062992 0.073287 35.918 0.986157 
2060   -20547.1            inf 57 85 0.033002 0.044351 0.059575 0.125841 0.139719 0.096481 0.078278 1.98846 1.03487 
2080   -21021.5   -92.50497082 44 121 0.056496 0.120312 0.161061 0.150748 0.082494 0.042132 0.026037 1.44633 1.01667 
2100   -20791.6    344.7202817 62 51 0.024417 0.079677 0.021612 0.017006 0.091516 0.031159 0.106679 9.79916 1.02417 
2120   -21061.4   -45.50257374 26 0 0.084384 0.092811 0.078010 0.133375 0.096199 0.077900 0.034428 2.33494 1.04464 
2140   -20756.5            inf 16 42 0.110310 0.057033 0.098485 0.050995 0.098798 0.066356 0.080664 7.78337 1.03289 
2160   -20600.6    407.9178681 15 117 0.071795 0.070088 0.072274 0.065514 0.021082 0.120504 0.080707 6.43726 1.07353 
2180   -20629.4    23.33822713 76 24 0.004441 0.067316 0.037899 0.010913 0.062620 0.104916 0.117927 15.4668 1.00223 
2200   -20719.1    636.4354541 112 43 0.103693 0.062766 0.120875 0.124825 0.111564 0.117559 0.131196 3.38868 1.00489 
2220   -21774.4   -755.9228122 62 49 0.044535 0.040425 0.083616 0.082420 0.084533 0.049241 0.085957 0.287569 1.1054 
2240   -20419.9    240.9117971 29 34 0.106711 0.126464 0.082778 0.088998 0.109887 0.048112 0.046249 1.31877 0.981123 
2260   -20681.7    520.7159002 120 111 0.061582 0.087463 0.049951 0.072374 0.060894 0.069375 0.026000 9.04435 1.04 
2280   -21068.4    -260.728689 103 61 0.084313 0.056381 0.013051 0.036206 0.081319 0.085627 0.022601 6.29932 0.917289 
2300   -20690.6   -97.24527012 47 119 0.073865 0.058419 0.095876 0.060947 0.100102 0.060649 0.092424 3.70259 0.98561 
2320   -20785.3    46.28015823 81 21 0.044541 0.119035 0.026719 0.116061 0.101270 0.087934 0.082555 4.99432 1.02803 
2340   -21308.3   -283.0096412 68 123 0.105817 0.086996 0.111307 0.095906 0.056552 0.045203 0.111671 4.94672 0.968829 
2360   -20766.5    52.89701277 104 58 0.091600 0.089093 0.062612 0.114522 0.070074 0.083692 0.064865 1.41213 1.03733 
2380   -21462.4    183.0077604 94 7 0.055717 0.031084 0.104161 0.034332 0.049936 0.040908 0.012664 1.92654 1.05566 
2400   -21719.1    -1079.98745 52 83 0.044512 0.096297 0.107417 0.128848 0.065729 0.085035 0.098524 3.28906 0.997334 
2420   -20951.8   -337.9209373 81 25 0.068091 0.084505 0.056297 0.058653 0.131118 0.074493 0.087892 2.54693 1.02744 
2440   -21006.6            inf 86 112 0.134952 0.085940 0.064989 0.071034 0.068744 0.074563 0.087032 17.2903 1.08493 
2460   -21660.6   -771.7623548 46 10 0.089944 0.062152 0.094771 0.110819 0.098751 0.008281 0.064440 12.0027 1.01092 
2480   -21658.1   -573.2541211 0 71 0.087341 0.052984 0.063825 0.081791 0.180132 0.039008 0.092446 11.9631 1.03666 
2500   -21397.4   -804.5184354 48 33 0.106700 0.061000 0.043371 0.050484 0.051301 0.104011 0.097290 6.78303 0.989168 
2520   -20969.4   -241.8248897 21 118 0.117661 0.072062 0.094955 0.056394 0.047337 0.008169 0.077359 4.9956 0.981924 
2540   -20537.8    782.8066694 21 10 0.018537 0.063718 0.039051 0.087575 0.061551 0.040667 0.054651 18.2659 1.02708 
2560     -21253   -343.5541317 120 88 0.026671 0.050597 0.077011 0.061964 0.132482 0.055002 0.044814 1.02048 1.02959 
2580   -20457.9            inf 64 33 0.036825 0.119623 0.054143 0.044059 0.130913 0.046202 0.028242 6.15916 1.03075 
2600   -20996.9    317.2555235 76 32 0.029478 0.040851 0.092417 0.049730 0.052156 0.046517 0.134599 8.46507 1.04923 
2620   -20906.8   -169.3320943 88 112 0.091089 0.087832 0.051124 0.086782 0.047797 0.063195 0.095604 6.93662 0.956366 
2640   -20981.8            inf 25 18 0.054271 0.079605 0.140142 0.113410 0.074840 0.076402 0.103630 3.65191 1.04019 
2660     -20670    324.5662792 25 41 0.043768 0.063356 0.104270 0.067840 0.125158 0.085842 0.135537 19.307 1.05508 
2680   -21491.4   -868.0827524 97 72 0.064206 0.016416 0.040999 0.031314 0.089307 0.081931 0.039102 2.57412 1.05155 
2700   -21292.4   -459.5091382 1 124 0.130467 0.061416 0.109834 0.079409 0.056101 0.082422 0.089693 10.2599 1.03342 
2720   -20930.2   -285.0848828 44 50 0.023324 0.084237 0.099939 0.086897 0.086005 0.005610 0.078506 4.99084 1.04186 
2740   -21692.9   -873.3795343 60 75 0.110288 0.077786 0.047897 0.136927 0.092717 0.119120 0.079855 0.471289 1.019 
2760   -21042.6   -53.55874057 7 121 0.080083 0.022057 0.078428 0.050652 0.052690 0.110752 0.054190 0.498201 1.04773 
2780   -21612.7   -868.7800116 42 117 0.138447 0.028290 0.020597 0.033977 0.120549 0.091750 0.063946 5.26256 1.01915 
2800   -20589.8    225.9632374 99 27 0.056990 0.086010 0.021573 0.125287 0.031902 0.079962 0.035523 0.611829 0.949335 
2820   -20949.7   -168.4715916 8 40 0.116427 0.120146 0.061021 0.047489 0.109054 0.081997 0.089934 10.3195 1.04708 
2840   -21069.9    9.569069297 69 45 0.069988 0.051053 0.025692 0.069680 0.043878 0.070163 0.037908 14.4303 1.03609 
2860     -20738    511.1795504 83 112 0.058047 0.056922 0.130227 0.058919 0.044832 0.064901 0.058199 3.25209 1.0539 
2880   -21430.4   -864.8424204 94 108 0.060561 0.090685 0.091605 0.105240 0.167342 0.113004 0.074726 3.64696 1.03088 
2900   -21705.5   -489.2112254 107 105 0.076321 0.036751 0.096797 0.087856 0.053357 0.015438 0.026041 0.443996 1.04314 
2920       -inf           -inf 28 18 0.096475 0.030718 0.024990 0.080547 0.046157 0.077412 0.083214 3.81991 0.942817 
2940   -21777.1   -793.2492762 49 77 0.083442 0.067136 0.098136 0.111881 0.072617 0.083802 0.058921 11.5502 1.02859 
2960   -21333.7   -251.3467568 51 98 0.139001 0.072531 0.141054 0.093896 0.057303 0.109171 0.075735 14.7103 0.994664 
2980   -21396.4   -476.2549792 73 19 0.060759 0.115819 0.085094 0.099994 0.105302 0.093840 0.138599 8.42909 1.01188 
3000   -21837.8   -837.5032364 1 125 0.088582 0.085684 0.037083 0.013178 0.085429 0.129009 0.089884 9.2006 1.01367 
3020       -inf           -inf 33 42 0.042853 0.038105 0.063436 0.102872 0.052123 0.076578 0.044391 9.3015 1.02338 
3040   -21365.5   -42.09454922 70 85 0.113525 0.122259 0.141794 0.087477 0.056360 0.109023 0.069982 18.4263 1.01733 
3060   -20622.2    1138.655515 81 104 0.058972 0.104140 0.045837 0.112680 0.028336 0.141538 0.162641 6.13359 1.01326 
3080   -21142.7   -294.3519868 77 89 0.023234 0.123508 0.090417 0.039639 0.096102 0.085399 0.031956 6.2574 1.02197 
3100   -21269.6   -265.8780063 78 27 0.091036 0.028377 0.037521 0.052191 0.097176 0.062313 0.072270 5.80998 1.04682 
3120   -20770.8    597.8241985 97 27 0.036686 0.067851 0.108041 0.023520 0.106812 0.077534 0.134407 12.4147 1.06459 
3140   -20564.7    814.7551766 81 102 0.148631 0.117208 0.101510 0.048901 0.083907 0.124763 0.069798 8.44198 1.10525 
3160   -22070.9   -1144.720299 8 124 0.059154 0.146899 0.100869 0.022997 0.086710 0.073426 0.089311 8.19961 1.01757 
3180   -21019.5    127.0837528 39 24 0.052219 0.113410 0.040673 0.030697 0.069777 0.042244 0.037371 7.99674 1.0656 
3200   -21295.2   -451.4211535 37 110 0.083201 0.041784 0.128759 0.085058 0.081137 0.118178 0.130614 0.752054 1.04774 
3220   -20868.6    1201.247208 35 60 0.098974 0.062015 0.032999 0.033606 0.050160 0.029679 0.062892 4.06772 1.01456 
3240   -20810.1    674.5695021 3 50 0.062954 0.038258 0.070448 0.106504 0.079811 0.022465 0.064883 1.70646 1.07453 
3260   -20752.1    115.2773826 117 44 0.064142 0.113855 0.056357 0.041426 0.054745 0.087192 0.159854 6.77733 1.00053 
3280   -20783.3    110.4397729 36 103 0.089528 0.003829 0.048418 0.096744 0.054974 0.081625 0.114511 16.3458 1.0254 
3300   -20855.4            inf 87 34 0.075242 0.086965 0.059644 0.045162 0.105866 0.056471 0.031735 7.14801 1.01065 
3320   -21155.8   -101.0220654 15 108 0.130512 0.030656 0.127423 0.085005 0.061674 0.060643 0.098130 3.51317 1.05837 
3340   -20991.3    544.8938088 76 13 0.080175 0.025186 0.071108 0.047286 0.105309 0.047204 0.118568 7.32312 1.02777 
3360   -21442.7   -630.7055498 105 2 0.033751 0.078643 0.067414 0.062890 0.104136 0.051336 0.149251 18.4399 1.01191 
3380   -20816.2    418.0410713 103 68 0.042986 0.068165 0.103123 0.018620 0.039742 0.023714 0.142635 0.744591 1.08474 
3400   -21353.6   -179.9495782 78 65 0.123953 0.091659 0.092559 0.088215 0.136970 0.047066 0.068427 4.66491 1.06749 
3420   -21623.5   -948.6842445 35 13 0.106043 0.039543 0.051839 0.108142 0.023292 0.038228 0.079542 4.00704 1.01209 
3440       -inf           -inf 108 1 0.096301 0.077761 0.109545 0.032325 0.066029 0.109558 0.083310 3.18545 0.972569 
3460   -20935.7   -379.3259024 65 53 0.121274 0.096804 0.100572 0.073033 0.130013 0.095341 0.139010 4.64485 0.989934 
3480   -21431.2   -228.0730024 88 32 0.085966 0.092449 0.063557 0.062229 0.047695 0.121214 0.127949 4.71897 1.0181 
3500   -20752.8            inf 54 69 0.078803 0.072789 0.104154 0.112151 0.075317 0.040370 0.066970 1.02322 1.06128 
3520   -21580.5   -477.3693247 102 97 0.075414 0.031844 0.041990 0.107294 0.106480 0.119073 0.018425 6.18757 1.03252 
3540     -20518    208.1176444 26 16 0.082615 0.095017 0.079147 0.078784 0.099513 0.100866 0.068192 3.08991 1.00024 
3560   -21118.3    21.16667083 77 10 0.089628 0.074784 0.077655 0.051473 0.117462 0.048672 0.135552 15.1022 1.06519 
3580   -21423.4   -224.3030482 43 28 0.020299 0.082157 0.076652 0.035954 0.105843 0.106307 0.131484 13.1402 0.985859 
3600   -21412.5   -555.4009132 95 125 0.104581 0.112422 0.105555 0.152290 0.197807 0.141500 0.076913 0.161261 1.01198 