#
# Code will run in posterior sampling mode.
#
# A scale parameter will be fit to the bkg model.
#
# The total number of Gibbs draws is 900, every 5th draws will be saved.
#
# The model will be fit using the Multi Scale Prior.
#
# The data matrix is 128 by 128.
#
# The data file should contain a  2^7 by 2^7 matrix of counts.
#
# Starting Values for the smoothing parameter (alpha):
# Aggregation Level:  0,   alpha: 0.3 (Full Data)
# Aggregation Level:  1,   alpha: 0.4
# Aggregation Level:  2,   alpha: 0.5
# Aggregation Level:  3,   alpha: 0.6
# Aggregation Level:  4,   alpha: 0.7
# Aggregation Level:  5,   alpha: 0.8
# Aggregation Level:  6,   alpha: 0.9  (In the 2x2 table)
#
# The prior distribution on the total count from the multiscale component is
# Gamma(1.000000, 0.050000).
#
# The hyper-prior smoothing parameter (kappa 2) is 1000.
#
iteration logPost stepSize cycleSpinRow cycleSpinCol smoothingParam0 smoothingParam1 smoothingParam2 smoothingParam3 smoothingParam4 smoothingParam5 smoothingParam6 expectedMSCounts bkgScale 
5   -22657.8   -394.0622565 109 21 0.208987 0.250230 0.355658 0.286560 0.219853 0.167141 0.063113 785.871 0.217855 
10   -21735.6    140.1521203 91 78 0.185827 0.258295 0.281681 0.315459 0.246318 0.131606 0.101358 528.629 0.472285 
15   -21663.5    66.68174236 103 63 0.152389 0.179207 0.238450 0.247295 0.197374 0.106013 0.124836 294.093 0.645255 
20   -20747.6    82.59563556 65 34 0.056657 0.124847 0.196299 0.192616 0.195963 0.171197 0.108396 154.62 0.797003 
25   -21227.6   -446.8049814 66 63 0.116666 0.124742 0.112728 0.119235 0.127700 0.125737 0.138144 96.3993 0.873919 
30   -20348.3     413.719201 81 56 0.034413 0.094302 0.120371 0.154440 0.124509 0.150249 0.094349 54.4477 0.880822 
35   -20897.9   -550.1965831 57 51 0.075778 0.101285 0.114896 0.121295 0.103525 0.136567 0.112198 43.5529 0.920503 
40   -20417.9    409.2052742 73 32 0.092277 0.061486 0.122871 0.124673 0.119772 0.104497 0.102525 42.8357 0.930997 
45       -inf           -inf 79 57 0.027501 0.087881 0.117518 0.046667 0.146269 0.076923 0.128294 41.6794 0.941308 
50   -20833.7   -77.91660818 100 96 0.087014 0.078710 0.082860 0.084899 0.095603 0.158472 0.110851 25.994 0.918161 
55   -20230.9   -43.32960685 51 51 0.068848 0.019733 0.096285 0.056246 0.096939 0.124023 0.131352 37.3115 0.925515 
60     -20629            inf 40 81 0.039706 0.042320 0.006724 0.085138 0.072834 0.070635 0.095803 24.2478 0.962335 
65   -20645.1   -87.29997732 40 89 0.068525 0.042749 0.191121 0.071841 0.117188 0.119495 0.084660 17.3592 0.909819 
70   -20776.6   -457.5621488 16 49 0.042069 0.090399 0.072769 0.066861 0.120577 0.153768 0.091489 12.8042 1.00003 
75   -20808.4    177.9036837 118 31 0.079071 0.031659 0.044699 0.055822 0.049109 0.134176 0.089672 17.1578 0.914634 
80   -20439.6    114.7106926 121 106 0.101811 0.083455 0.085937 0.042768 0.085152 0.045462 0.072956 12.6458 0.981191 
85   -20727.8   -251.5355031 38 101 0.097232 0.135756 0.061840 0.103785 0.055660 0.103338 0.156196 7.6603 0.939862 
90   -21002.6   -480.3207627 119 84 0.059127 0.091418 0.108822 0.082884 0.107284 0.057533 0.082818 4.49251 0.934096 
95   -20412.4   0.6719152668 50 106 0.111427 0.062250 0.076510 0.056455 0.072669 0.090821 0.090916 10.4186 0.955576 
100   -20652.4    11.65480629 12 92 0.071999 0.068103 0.044426 0.059406 0.042265 0.055402 0.103637 10.9776 0.950771 
105   -21416.4   -991.1380309 97 105 0.062883 0.059067 0.083550 0.096223 0.032095 0.148795 0.103544 9.89695 0.916785 
110   -20668.6    319.3315244 2 82 0.081096 0.060806 0.043399 0.070923 0.066233 0.134418 0.126132 5.93337 0.983382 
115   -20756.9    100.0947645 54 120 0.033098 0.066507 0.022576 0.121087 0.016957 0.076149 0.114374 3.76118 0.921145 
120   -21229.1   -951.2482189 50 58 0.001694 0.060294 0.055329 0.165108 0.036175 0.080366 0.116948 1.30245 0.933733 
125   -20461.2    416.1396856 113 40 0.111201 0.114915 0.082335 0.120039 0.127982 0.076294 0.117410 1.60843 0.991622 
130   -20559.5   -77.76626032 44 63 0.126103 0.039049 0.107930 0.128717 0.116071 0.081067 0.044384 0.522855 0.960834 
135   -20370.7    26.34154504 46 9 0.004164 0.075783 0.089556 0.046902 0.033724 0.088727 0.069501 0.478348 0.964226 
140   -20433.3    585.0854783 21 54 0.078388 0.077388 0.119018 0.010559 0.152112 0.054896 0.063771 0.528282 0.969902 
145   -20703.6    1200.771872 10 74 0.082176 0.069924 0.057598 0.038906 0.049241 0.031790 0.062728 0.785023 0.922876 
150   -20729.3    6.895471598 45 90 0.077996 0.053067 0.097541 0.060406 0.039653 0.047780 0.090019 2.00103 0.923492 
155   -20585.6    55.44859974 12 83 0.078462 0.078315 0.071715 0.039942 0.074993 0.140220 0.062433 1.64317 0.967899 
160   -20429.3    244.3849892 84 31 0.026916 0.029933 0.045006 0.086978 0.076861 0.031696 0.119469 0.585788 0.940567 
165   -20822.3   -407.6538883 9 105 0.105729 0.092238 0.061563 0.097012 0.101881 0.117292 0.030343 0.503336 0.914904 
170   -20655.9    95.95684153 99 82 0.108721 0.097622 0.082511 0.092553 0.126806 0.065439 0.095472 1.23154 0.942743 
175   -20901.5    285.0112126 72 50 0.087482 0.067020 0.131922 0.122085 0.087558 0.055776 0.110552 3.91535 0.991731 
180   -20933.8   -191.4732194 120 96 0.097008 0.063401 0.117641 0.084751 0.085004 0.048214 0.026797 2.65843 0.946096 
185   -20589.4            inf 114 89 0.035117 0.134109 0.062928 0.070608 0.189277 0.035923 0.083529 3.26092 0.982776 
190   -20750.2   -100.5141731 80 68 0.037327 0.066977 0.016795 0.051625 0.038005 0.058759 0.066775 0.000982837 0.969221 
195   -20715.3    9.295567708 70 1 0.062430 0.051593 0.047983 0.136805 0.056024 0.030104 0.042837 0.297095 0.969671 
200   -20603.1    511.7421432 27 0 0.029056 0.058509 0.084102 0.028070 0.064793 0.063320 0.068050 0.509064 0.968378 
205   -20914.9    35.10672313 106 107 0.035335 0.076450 0.052899 0.067978 0.095560 0.075719 0.101107 0.801409 0.904525 
210   -20894.5   -29.87212699 91 82 0.051404 0.043610 0.043972 0.105745 0.035221 0.045013 0.082980 0.0133613 0.928137 
215   -21349.7   -823.4375871 76 125 0.038175 0.042139 0.057702 0.045371 0.066896 0.048317 0.141329 0.77552 0.898447 
220   -20776.7    263.1419254 22 94 0.044854 0.060777 0.072319 0.086027 0.075685 0.132386 0.009634 2.73484 0.935342 
225   -21120.4   -42.32690871 3 56 0.065532 0.019595 0.020662 0.129679 0.132561 0.056047 0.056861 0.364398 0.938682 
230   -20985.9   -719.7919816 87 112 0.042467 0.058484 0.098214 0.040963 0.093638 0.011214 0.122933 3.33931 0.94582 
235       -inf           -inf 41 103 0.120671 0.100564 0.070507 0.009233 0.069661 0.070311 0.028098 1.31283 0.964205 
240   -20839.8   -94.87084448 115 105 0.027946 0.068348 0.152079 0.081335 0.062120 0.116990 0.003088 1.04077 0.870598 
245   -20391.7    42.30729311 26 102 0.111202 0.088091 0.087053 0.022649 0.094604 0.117103 0.113169 1.80476 0.933828 
250   -20699.5    720.8319393 61 104 0.054950 0.097373 0.132951 0.133582 0.037496 0.111925 0.066450 0.841271 0.914335 
255   -20895.7    -434.725354 56 55 0.073661 0.055587 0.044121 0.089248 0.085404 0.071535 0.068840 1.7348 0.987303 
260     -20916   -223.6530936 26 5 0.037257 0.167386 0.048547 0.013000 0.076005 0.124103 0.092626 0.347117 0.924281 
265   -20708.1    190.2717664 22 1 0.071386 0.099972 0.137349 0.096548 0.121260 0.121608 0.046695 6.30688 0.941557 
270   -21158.6   -540.0727041 46 122 0.027435 0.051150 0.105610 0.058682 0.071337 0.148352 0.087689 8.49959 0.957596 
275       -inf           -inf 104 87 0.136088 0.050578 0.075523 0.095731 0.123512 0.040273 0.086502 12.9262 0.891001 
280   -21026.6   -695.2915739 39 88 0.060431 0.117262 0.078915 0.101912 0.126361 0.138431 0.093740 6.87867 0.950124 
285   -20844.5   -436.5415365 95 90 0.054624 0.055876 0.107795 0.107677 0.103812 0.056090 0.145596 6.83487 0.914929 
290       -inf           -inf 79 8 0.057381 0.086101 0.120152 0.021212 0.041393 0.083333 0.088229 9.26265 0.943563 
295   -21117.5   -482.1086159 117 48 0.021453 0.072740 0.123428 0.062419 0.079915 0.043389 0.129769 9.54641 0.948179 
300   -20584.4            inf 16 97 0.057341 0.046682 0.100980 0.048187 0.098047 0.084541 0.131621 11.6759 0.931525 
305   -20564.5    525.0869531 5 31 0.077362 0.121634 0.085223 0.124503 0.087724 0.086298 0.133994 12.0916 0.909445 
310   -20544.2    108.0992869 60 120 0.154555 0.092041 0.070736 0.055405 0.072806 0.060387 0.112596 6.24348 0.911255 
315   -20289.6    374.8969862 96 114 0.100135 0.136035 0.079932 0.116859 0.058651 0.120719 0.130559 6.79538 0.974383 
320   -20791.4   -258.6045215 52 79 0.032976 0.074517 0.113550 0.043624 0.073057 0.068193 0.070596 10.581 0.945531 
325   -20722.1   -262.3195196 18 42 0.064906 0.036124 0.107887 0.046237 0.050387 0.037176 0.047528 6.00885 0.894728 
330   -20600.9    210.4348801 96 9 0.076845 0.028688 0.094633 0.063723 0.063151 0.051702 0.121882 15.1821 0.943098 
335   -20370.8    805.0681451 64 110 0.074921 0.113186 0.034050 0.042403 0.047082 0.142144 0.054006 7.13525 0.930924 
340   -20513.2   -90.09997223 7 104 0.086050 0.136518 0.052190 0.045422 0.038271 0.095306 0.106123 15.6068 0.958151 
345     -20819            inf 41 0 0.115556 0.038454 0.078131 0.055887 0.104958 0.033036 0.067548 12.8569 0.937874 
350   -20266.3    354.8201145 59 78 0.072727 0.086225 0.039276 0.050853 0.077947 0.124455 0.078916 5.0213 0.93357 
355   -20199.3    1075.010002 99 107 0.107729 0.130533 0.070118 0.042386 0.101541 0.062002 0.085701 8.491 0.957163 
360   -20682.6    33.54197455 20 96 0.111722 0.031899 0.046871 0.123201 0.079202 0.026499 0.106258 4.04883 0.955785 
365   -20500.8    136.1420981 54 68 0.054096 0.046963 0.076547 0.066919 0.079629 0.115733 0.138091 10.285 0.975448 
370   -20511.9   -336.9370765 68 94 0.023333 0.142913 0.066154 0.066776 0.035192 0.061887 0.095864 5.87202 0.950332 
375   -20886.7   -245.3635151 1 96 0.116176 0.093252 0.025484 0.074414 0.029714 0.044724 0.066949 13.7734 0.902388 
380   -20956.5    250.2834049 36 55 0.054347 0.089067 0.050349 0.070491 0.098825 0.144014 0.135804 13.01 0.950913 
385   -20327.9    345.1274037 8 33 0.015673 0.055447 0.065714 0.059647 0.084028 0.049553 0.105169 11.326 0.953945 
390   -20283.8    342.5179157 103 0 0.020985 0.102108 0.114042 0.074282 0.155709 0.127361 0.121698 26.2333 0.927576 
395   -20915.7   -756.5926515 51 112 0.095851 0.033669 0.080738 0.061229 0.157169 0.058670 0.107526 8.52634 0.95426 
400   -20566.8     551.725868 114 112 0.110225 0.024831 0.075035 0.064563 0.033142 0.116168 0.135801 16.8319 0.945181 
405   -21002.4   -496.2122888 10 76 0.022928 0.042928 0.016033 0.092079 0.036326 0.038134 0.066678 10.559 0.911224 
410   -20877.9   -102.6401896 114 90 0.039136 0.117616 0.068753 0.037313 0.046228 0.049572 0.117572 10.4003 0.928607 
415     -20712   -30.61098485 42 31 0.084288 0.029885 0.055574 0.057436 0.126459 0.109082 0.057992 10.9675 0.88522 
420   -20866.9   -348.5490543 74 57 0.057040 0.106600 0.104811 0.029085 0.043602 0.090484 0.044684 10.0129 0.944825 
425       -inf           -inf 13 107 0.037176 0.051509 0.047635 0.109186 0.028661 0.118984 0.083298 14.343 0.911413 
430   -20689.8   -91.53714654 17 12 0.023421 0.062786 0.087912 0.048470 0.073521 0.068290 0.036501 7.37605 0.891734 
435   -20992.3            inf 109 72 0.094501 0.073807 0.033635 0.083357 0.057716 0.090095 0.073118 4.60042 0.977962 
440   -20387.5     436.487982 90 76 0.075547 0.013447 0.144288 0.152534 0.088718 0.062620 0.132359 3.67219 0.969299 
445   -20527.6    266.5601148 55 27 0.096401 0.058481 0.022828 0.061686 0.053127 0.097848 0.088513 5.38736 0.949045 
450   -20435.9    147.6058032 8 86 0.046678 0.074281 0.112206 0.040977 0.046731 0.025481 0.096399 6.9281 0.916265 
455     -20452    384.2016181 115 15 0.073734 0.043306 0.079040 0.067153 0.077664 0.090948 0.149195 4.25372 0.942825 
460   -20276.6    275.8545753 115 91 0.138829 0.055297 0.096741 0.083994 0.024249 0.010520 0.087908 1.88716 0.970347 
465   -20456.1    25.42533131 13 92 0.048253 0.100758 0.128258 0.047504 0.067996 0.066513 0.101263 8.20622 0.939166 
470   -20371.7   -135.4764323 28 44 0.085799 0.107760 0.153582 0.086297 0.090846 0.049340 0.097005 2.71619 0.995928 
475   -20742.3   -10.33768158 82 69 0.071390 0.071535 0.068033 0.123441 0.042002 0.044443 0.075605 3.72865 0.902969 
480   -20764.6            inf 127 66 0.085949 0.029524 0.057935 0.046003 0.060337 0.050056 0.047691 4.09791 0.913493 
485   -21058.2   -336.9565009 81 70 0.043771 0.095987 0.096589 0.086468 0.079446 0.066098 0.037586 0.218465 0.917081 
490       -inf           -inf 16 123 0.084884 0.150276 0.091858 0.104965 0.058621 0.087286 0.091049 2.98557 0.917393 
495   -20525.1            inf 88 32 0.129056 0.075285 0.089996 0.102234 0.072230 0.046726 0.145080 0.0923936 0.926898 
500   -20967.2   -322.3248563 54 63 0.086078 0.107156 0.054976 0.120879 0.122305 0.045354 0.035218 5.10826 0.926718 
505   -20551.1     61.5145868 89 29 0.044368 0.101165 0.151551 0.100192 0.048930 0.115680 0.077606 1.53006 0.958953 
510   -21109.3   -442.4597205 72 86 0.041275 0.073050 0.062536 0.043050 0.074708 0.021111 0.105386 2.02371 0.954179 
515   -20326.4    164.5809201 119 75 0.133520 0.135137 0.095028 0.110786 0.086342 0.030899 0.029705 5.66425 0.940851 
520   -20618.1    634.3313718 3 114 0.078427 0.024208 0.039631 0.049758 0.054433 0.146975 0.146710 2.97134 0.956766 
525   -20861.4   -110.4947456 77 85 0.095584 0.090104 0.040925 0.045833 0.100095 0.093922 0.025295 2.94268 0.92949 
530   -20662.8    418.9751856 35 74 0.112325 0.032715 0.069729 0.073505 0.091218 0.125425 0.170042 1.00622 0.915039 
535     -21070   -559.8960734 34 65 0.083187 0.092241 0.012465 0.156021 0.053886 0.061881 0.051717 0.0902399 0.901797 
540   -20816.6    -225.417147 117 76 0.103140 0.089282 0.091747 0.141473 0.098789 0.155674 0.087902 4.48905 0.893 
545   -20724.2    34.25251435 4 92 0.022554 0.118191 0.027321 0.078613 0.071230 0.131115 0.041671 1.05248 0.931019 
550       -inf           -inf 61 122 0.057327 0.028875 0.106912 0.073392 0.020394 0.068887 0.037327 0.0882504 0.906859 
555   -20790.2    -114.184722 40 119 0.152607 0.061918 0.057848 0.071466 0.078498 0.015273 0.137362 1.36767 0.959328 
560   -21174.6   -672.9146264 20 123 0.100329 0.108708 0.064484 0.066931 0.131844 0.107929 0.049178 0.878205 0.948715 
565   -20255.6    52.89411726 111 61 0.021521 0.051080 0.009263 0.065816 0.043309 0.021436 0.123080 3.34009 0.947985 
570   -20574.9    73.88691074 7 36 0.067782 0.080824 0.061233 0.043564 0.063526 0.036310 0.104169 0.639556 0.984229 
575   -20326.8    713.8035563 82 24 0.070643 0.060268 0.073080 0.063870 0.118552 0.073053 0.080219 1.73382 0.930458 
580   -21086.6   -582.5854351 18 12 0.070779 0.036871 0.058424 0.076074 0.081768 0.119289 0.145646 1.94375 0.90306 
585       -inf           -inf 117 86 0.137453 0.131204 0.097315 0.115870 0.069137 0.108115 0.065145 4.63927 0.928411 
590     -20961    -404.451889 36 41 0.020811 0.086589 0.103816 0.066428 0.096163 0.087068 0.041400 1.13902 0.992359 
595       -inf           -inf 87 15 0.028551 0.098145 0.103086 0.064831 0.118448 0.040638 0.066253 1.15878 0.934 
600   -21179.5   -546.0334098 80 51 0.055348 0.115426 0.066126 0.101945 0.136144 0.112444 0.045831 5.39965 0.982921 
605   -21114.4            inf 126 21 0.100276 0.077672 0.037476 0.122268 0.110501 0.118733 0.054913 5.87223 0.970143 
610   -20643.9    316.0108469 90 125 0.028907 0.065916 0.055050 0.083318 0.089108 0.093659 0.040614 1.11165 0.926383 
615   -21271.5   -454.5068126 82 29 0.097235 0.055959 0.069091 0.056401 0.033675 0.050543 0.114064 3.25841 0.945715 
620   -20730.4   -232.9204324 111 49 0.178475 0.015814 0.156414 0.105379 0.022585 0.082560 0.035326 6.59909 0.948009 
625   -20811.9   -12.35225701 5 8 0.117312 0.120454 0.058841 0.028911 0.089336 0.129156 0.106686 6.97318 0.980873 
630   -21050.5   -450.6578132 26 118 0.062268 0.048828 0.078008 0.075508 0.098759 0.087225 0.058403 9.65393 0.946937 
635   -20759.5    20.32143752 75 77 0.021671 0.120051 0.073496 0.144080 0.097576 0.161125 0.068811 6.68691 0.975704 
640   -20826.1   -239.7929577 29 66 0.014151 0.118468 0.116062 0.116880 0.052385 0.019821 0.041858 8.36867 0.957996 
645   -20358.7    166.1067393 43 103 0.108974 0.068429 0.077274 0.034109 0.121072 0.034032 0.086602 2.7398 0.972348 
650     -21554   -991.5440545 50 82 0.122073 0.070916 0.094815 0.029858 0.062061 0.045142 0.064111 3.8431 0.949831 
655   -20652.1     37.4359613 3 74 0.041127 0.090439 0.101817 0.109104 0.107554 0.093223 0.031084 2.81074 0.923569 
660   -20212.3    342.6559712 124 3 0.080374 0.110909 0.042502 0.080619 0.038753 0.047243 0.078681 1.36674 0.934474 
665   -21021.4   -803.9730618 1 55 0.027422 0.110476 0.056100 0.099177 0.102551 0.078636 0.082553 1.75793 0.932842 
670   -20397.7    230.8142249 93 89 0.100364 0.073208 0.068624 0.128859 0.029249 0.085546 0.048052 7.11528 0.955096 
675   -20653.1   -106.0577456 81 56 0.102244 0.073358 0.070947 0.051494 0.078965 0.092796 0.107561 3.48946 0.980074 
680   -20557.1    39.32578901 11 46 0.016332 0.034867 0.046626 0.037937 0.113451 0.032714 0.112538 3.22328 0.935098 
685   -20617.2    769.1174878 68 82 0.036916 0.047593 0.035006 0.104598 0.072165 0.057900 0.070937 5.47417 0.898528 
690   -20439.6   -87.36766078 14 25 0.072805 0.072672 0.097484 0.063311 0.060929 0.081865 0.067644 3.95564 0.969157 
695   -20603.6   -82.94532386 43 126 0.014678 0.053513 0.013896 0.108114 0.061374 0.072684 0.082033 6.82873 0.943654 
700       -inf            nan 77 51 0.086321 0.103464 0.067379 0.033058 0.066847 0.040567 0.086528 0.0490906 0.962737 
705   -21351.3    194.6476265 113 117 0.130616 0.068517 0.053992 0.091558 0.098661 0.108649 0.048839 2.37659 0.974971 
710   -20606.7    747.1529886 19 87 0.047102 0.069107 0.094184 0.053709 0.051830 0.082067 0.075733 2.39037 0.91983 
715   -20378.2    4.631933527 69 84 0.100841 0.069669 0.070339 0.121476 0.012450 0.067014 0.072863 5.78682 0.927264 
720   -20874.6    877.9587855 39 50 0.057656 0.085193 0.096091 0.058568 0.057161 0.023970 0.063219 2.01892 0.92837 
725   -20594.7   -252.6032077 5 117 0.044874 0.058188 0.135749 0.151570 0.102948 0.018876 0.115185 3.36311 0.960694 
730   -20957.7   -192.3945176 52 114 0.041760 0.041903 0.081482 0.098167 0.063569 0.114908 0.093363 4.57569 0.967104 
735   -20427.5    350.1300883 110 21 0.080647 0.032088 0.088912 0.152604 0.072492 0.058265 0.083638 2.18254 1.01926 
740   -20311.1   -39.24113184 26 125 0.107883 0.171704 0.104559 0.101846 0.047470 0.103537 0.104756 3.20028 0.956364 
745   -20700.5   -246.5289978 28 52 0.102544 0.052053 0.068744 0.050608 0.099816 0.103122 0.150446 7.40143 0.885065 
750   -20723.4    -113.846902 127 66 0.098472 0.050184 0.048458 0.019937 0.068080 0.109467 0.042751 6.01208 0.938559 
755   -20703.5   -27.77641665 85 35 0.137370 0.061185 0.024998 0.071868 0.029392 0.080572 0.160050 1.37462 0.930393 
760       -inf           -inf 49 51 0.073352 0.016413 0.048257 0.089884 0.085919 0.047079 0.070611 4.18321 0.940898 
765   -20861.3    169.0198869 10 58 0.063789 0.049679 0.022237 0.032244 0.096495 0.061542 0.022953 7.15879 1.00543 
770   -20447.8    989.8379887 34 111 0.097718 0.105244 0.092921 0.033680 0.078649 0.075400 0.074100 0.554869 0.930447 
775   -21001.1    330.9662686 86 33 0.072735 0.066644 0.071604 0.055701 0.050170 0.050889 0.050620 0.513526 0.987734 
780   -21378.2   -215.1346267 117 119 0.056411 0.070745 0.013441 0.007561 0.067326 0.046980 0.097461 1.32426 0.93082 
785   -20379.3    245.5535346 92 119 0.069550 0.039394 0.028654 0.064687 0.102421 0.011126 0.091829 2.22191 0.902676 
790   -21050.8   -380.6630634 122 19 0.026674 0.103833 0.047646 0.128261 0.080714 0.095020 0.077504 2.01195 0.955117 
795   -20173.2    1508.416753 123 29 0.119734 0.074211 0.114047 0.082245 0.012876 0.066640 0.012095 0.447003 0.91514 
800   -20662.8    49.68765511 122 105 0.038169 0.081676 0.143376 0.130316 0.093323 0.042903 0.116770 1.13982 0.972673 
805   -20637.2    150.5907592 46 28 0.064880 0.122534 0.069554 0.080646 0.035270 0.059918 0.109833 4.29229 1.0148 
810   -20486.2      137.91041 84 9 0.090463 0.063345 0.089133 0.083289 0.051625 0.094203 0.030912 4.83219 0.945565 
815   -20818.5    149.5288884 88 107 0.046403 0.151839 0.102608 0.049249 0.022496 0.121169 0.080717 0.876632 0.901088 
820   -20584.6   -86.21995904 27 29 0.055756 0.080761 0.079339 0.102803 0.155875 0.068120 0.096377 5.3844 0.922496 
825     -20390  -0.7017465336 66 101 0.027011 0.080464 0.048678 0.046396 0.149912 0.118401 0.073953 0.226505 0.957331 
830   -20416.7    883.8119856 81 61 0.040072 0.039819 0.064484 0.053535 0.086802 0.103617 0.101232 3.17135 0.929386 
835       -inf           -inf 71 18 0.054718 0.098371 0.054805 0.071766 0.050591 0.088779 0.128367 1.89419 0.934742 
840   -20600.7   -54.99377955 117 111 0.035172 0.052282 0.132113 0.107713 0.129121 0.044030 0.024219 2.28208 0.925793 
845   -20464.7    271.1909867 17 77 0.100714 0.008828 0.038200 0.131388 0.055977 0.133738 0.045696 0.339086 0.911349 
850   -20911.8   -501.7122621 73 38 0.090518 0.082918 0.045575 0.094468 0.123645 0.062954 0.118252 0.559814 0.943014 
855     -20745    38.58205107 59 21 0.138003 0.069166 0.042804 0.106342 0.117282 0.123699 0.126808 1.04484 0.923003 
860   -20676.4      230.47966 89 55 0.146218 0.088821 0.073924 0.034126 0.075127 0.027217 0.090157 6.71435 0.906245 
865   -20926.8     180.533446 55 95 0.111065 0.017934 0.060345 0.062209 0.115932 0.071376 0.078894 0.316192 0.884516 
870   -20650.4   -186.7357902 112 120 0.129642 0.063468 0.065432 0.120631 0.044338 0.046641 0.043005 1.02242 0.912605 
875   -20629.2    903.8711956 0 56 0.075325 0.075587 0.057235 0.052375 0.028383 0.058318 0.060017 1.08757 0.864771 
880   -20321.4    1034.847135 55 29 0.033882 0.108055 0.033410 0.079909 0.066801 0.098333 0.023881 2.9203 0.945913 
885   -20584.7    990.9541396 89 18 0.081116 0.069119 0.053577 0.108820 0.070923 0.122200 0.045210 6.96566 0.925977 
890   -20284.7    629.2915746 115 1 0.067675 0.079743 0.041402 0.073021 0.027576 0.007866 0.103509 5.43974 0.918434 
895   -20901.9   -402.8014783 19 20 0.055176 0.055873 0.173073 0.078985 0.090319 0.055547 0.040630 9.94877 0.936497 
900   -20489.1    338.7732257 80 5 0.074182 0.061039 0.008664 0.051286 0.100069 0.056517 0.036040 5.10594 0.98639 